// Initial random seed:
41355022434966

// RunInitializeCallbacks():
initializeMutationRate(1e-06);
initializeMutationType(1, 0.5, "f", 0);
initializeMutationType(2, 0.5, "n", 0, 1);
initializeGenomicElementType(1, c(m1, m2), c(1, 0.01));
initializeGenomicElement(g1, 0, 99999);
initializeRecombinationRate(1e-08);

// Starting run at generation <start>:
1 

Mean phenotype:
0.00, 0.00, -0.00, -0.00, 0.00, -0.00, -0.01, -0.02, -0.02, -0.04, -0.03, -0.04, -0.03, -0.03, -0.02, -0.04, -0.02, -0.02, -0.03, -0.01, -0.02, -0.00, -0.02, -0.03, -0.02, -0.03, -0.03, -0.04, -0.02, -0.02, -0.03, -0.04, -0.03, -0.03, -0.06, -0.03, -0.04, -0.03, -0.03, -0.03, -0.02, -0.04, -0.07, -0.08, -0.07, -0.04, -0.06, -0.05, -0.05, -0.04, -0.04, -0.03, -0.01, 0.00, 0.01, 0.00, -0.02, -0.00, -0.01, -0.01, -0.02, -0.01, -0.00, -0.01, -0.00, -0.01, -0.01, -0.01, -0.01, -0.02, -0.00, 0.00, -0.00, 0.03, 0.03, 0.03, 0.04, 0.02, 0.05, 0.04, 0.03, 0.04, 0.04, 0.05, 0.07, 0.07, 0.06, 0.07, 0.04, 0.03, 0.02, 0.07, 0.09, 0.09, 0.06, 0.06, 0.05, 0.06, 0.02, -0.01, -0.08, -0.10, -0.02, -0.06, -0.01, -0.10, -0.01, -0.04, -0.03, -0.02, -0.08, -0.10, -0.13, -0.04, -0.10, -0.07, -0.05, -0.07, -0.03, 0.00, -0.01, -0.02, 0.01, 0.05, 0.06, 0.06, 0.09, 0.06, 0.11, 0.12, 0.20, 0.22, 0.10, 0.07, 0.10, 0.16, 0.12, 0.15, 0.13, 0.09, 0.11, 0.21, 0.16, 0.19, 0.23, 0.18, 0.18, 0.13, 0.19, 0.26, 0.20, 0.15, 0.19, 0.23, 0.33, 0.30, 0.27, 0.34, 0.38, 0.33, 0.34, 0.38, 0.44, 0.42, 0.45, 0.45, 0.47, 0.51, 0.55, 0.39, 0.45, 0.41, 0.43, 0.52, 0.50, 0.43, 0.50, 0.47, 0.49, 0.48, 0.51, 0.57, 0.49, 0.56, 0.46, 0.41, 0.54, 0.55, 0.41, 0.34, 0.38, 0.35, 0.29, 0.32, 0.26, 0.36, 0.25, 0.28, 0.28, 0.26, 0.25, 0.35, 0.36, 0.32, 0.39, 0.32, 0.35, 0.41, 0.40, 0.40, 0.33, 0.36, 0.38, 0.43, 0.49, 0.51, 0.44, 0.44, 0.40, 0.41, 0.41, 0.51, 0.48, 0.46, 0.45, 0.46, 0.45, 0.39, 0.36, 0.33, 0.34, 0.34, 0.31, 0.36, 0.32, 0.30, 0.31, 0.38, 0.35, 0.34, 0.30, 0.36, 0.39, 0.45, 0.50, 0.46, 0.44, 0.49, 0.45, 0.56, 0.54, 0.53, 0.51, 0.53, 0.61, 0.63, 0.64, 0.69, 0.62, 0.64, 0.62, 0.64, 0.72, 0.71, 0.78, 0.80, 0.79, 0.82, 0.81, 0.77, 0.89, 0.86, 0.81, 0.80, 0.84, 0.87, 0.81, 0.91, 0.89, 0.91, 0.89, 0.90, 0.98, 0.91, 1.00, 0.97, 0.89, 1.02, 1.04, 1.00, 0.93, 0.94, 1.01, 0.96, 1.04, 1.15, 1.12, 1.18, 1.19, 1.15, 1.13, 1.19, 1.27, 1.29, 1.22, 1.22, 1.18, 1.17, 1.14, 1.11, 1.24, 1.22, 1.23, 1.18, 1.24, 1.32, 1.32, 1.23, 1.26, 1.29, 1.27, 1.36, 1.29, 1.39, 1.36, 1.27, 1.31, 1.42, 1.36, 1.38, 1.36, 1.43, 1.36, 1.42, 1.49, 1.58, 1.55, 1.49, 1.48, 1.59, 1.51, 1.45, 1.45, 1.44, 1.51, 1.68, 1.63, 1.60, 1.65, 1.69, 1.63, 1.64, 1.53, 1.69, 1.68, 1.65, 1.80, 1.71, 1.60, 1.65, 1.72, 1.76, 1.81, 1.83, 1.80, 1.77, 1.85, 1.87, 1.83, 1.85, 1.95, 1.95, 1.91, 1.84, 1.88, 1.87, 2.01, 2.03, 2.03, 2.03, 2.06, 2.04, 2.08, 2.06, 1.97, 2.09, 2.05, 2.01, 2.16, 2.03, 2.01, 2.01, 1.94, 1.92, 1.90, 1.93, 1.93, 1.85, 1.95, 1.96, 1.93, 1.91, 1.92, 2.03, 2.12, 2.19, 2.23, 2.12, 2.17, 2.27, 2.20, 2.23, 2.23, 2.23, 2.32, 2.18, 2.20, 2.19, 2.23, 2.25, 2.22, 2.15, 2.12, 2.16, 2.08, 2.09, 2.10, 2.14, 2.10, 2.05, 2.03, 2.15, 1.97, 2.16, 2.10, 2.11, 2.16, 2.12, 2.10, 2.14, 2.17, 2.18, 2.24, 2.31, 2.34, 2.28, 2.28, 2.18, 2.26, 2.19, 2.22, 2.21, 2.24, 2.28, 2.17, 2.34, 2.27, 2.30, 2.35, 2.27, 2.36, 2.33, 2.53, 2.45, 2.62, 2.46, 2.50, 2.56, 2.64, 2.56, 2.59, 2.52, 2.68, 2.57, 2.71, 2.65, 2.63, 2.56, 2.58, 2.66, 2.79, 2.76, 2.78, 2.85, 2.75, 2.78, 2.77, 2.69, 2.76, 2.69, 2.75, 2.78, 2.68, 2.77, 2.72, 2.78, 2.79, 2.77, 2.90, 2.85, 2.77, 2.90, 2.91, 3.05, 2.91, 2.91, 2.84, 2.84, 2.89, 2.86, 2.80, 2.83, 2.88, 2.91, 2.90, 2.91, 2.90, 2.96, 2.93, 2.89, 2.83, 2.83, 2.81, 2.80, 2.80, 2.78, 2.86, 2.84, 2.88, 2.92, 2.90, 2.86, 2.91, 2.93, 2.93, 2.91, 2.91, 2.87, 2.86, 2.85, 2.84, 2.97, 2.89, 3.00, 2.94, 2.98, 3.03, 3.06, 3.16, 3.13, 3.04, 3.14, 3.19, 3.12, 3.16, 3.16, 3.13, 3.06, 3.12, 3.07, 3.17, 3.20, 3.18, 3.15, 3.27, 3.24, 3.29, 3.28, 3.30, 3.21, 3.25, 3.27, 3.27, 3.27, 3.42, 3.42, 3.44, 3.46, 3.50, 3.58, 3.60, 3.63, 3.62, 3.65, 3.76, 3.75, 3.73, 3.72, 3.72, 3.75, 3.82, 3.69, 3.72, 3.73, 3.69, 3.62, 3.74, 3.69, 3.69, 3.75, 3.79, 3.78, 3.78, 3.78, 3.78, 3.77, 3.74, 3.79, 3.79, 3.77, 3.80, 3.77, 3.77, 3.92, 3.87, 3.88, 3.82, 3.87, 3.85, 3.83, 3.87, 3.88, 3.83, 3.84, 3.78, 3.78, 3.69, 3.72, 3.70, 3.69, 3.80, 3.72, 3.72, 3.85, 3.91, 3.82, 3.73, 3.80, 3.83, 3.82, 3.79, 3.82, 3.80, 3.84, 3.80, 3.76, 3.81, 3.82, 3.84, 3.80, 3.87, 3.78, 3.87, 3.99, 3.94, 4.09, 4.05, 3.99, 4.04, 4.03, 3.93, 4.05, 3.99, 4.04, 4.02, 4.12, 4.11, 4.11, 4.04, 4.11, 4.12, 4.11, 4.09, 4.13, 4.14, 4.11, 4.12, 4.19, 4.21, 4.21, 4.15, 4.22, 4.28, 4.22, 4.23, 4.19, 4.13, 4.07, 4.22, 4.21, 4.24, 4.25, 4.27, 4.25, 4.25, 4.21, 4.25, 4.30, 4.35, 4.28, 4.28, 4.35, 4.33, 4.36, 4.33, 4.35, 4.36, 4.36, 4.38, 4.42, 4.47, 4.43, 4.46, 4.45, 4.55, 4.55, 4.54, 4.44, 4.44, 4.45, 4.49, 4.39, 4.40, 4.36, 4.39, 4.35, 4.34, 4.38, 4.43, 4.42, 4.45, 4.43, 4.45, 4.46, 4.43, 4.44, 4.43, 4.39, 4.40, 4.38, 4.43, 4.41, 4.40, 4.39, 4.40, 4.37, 4.42, 4.50, 4.48, 4.51, 4.54, 4.49, 4.48, 4.49, 4.50, 4.53, 4.58, 4.57, 4.53, 4.56, 4.57, 4.57, 4.64, 4.50, 4.66, 4.64, 4.56, 4.64, 4.60, 4.60, 4.63, 4.61, 4.67, 4.74, 4.76, 4.72, 4.72, 4.73, 4.75, 4.80, 4.76, 4.74, 4.80, 4.74, 4.77, 4.76, 4.80, 4.73, 4.76, 4.76, 4.80, 4.70, 4.79, 4.79, 4.74, 4.71, 4.74, 4.65, 4.72, 4.70, 4.68, 4.62, 4.62, 4.60, 4.51, 4.67, 4.56, 4.62, 4.65, 4.68, 4.60, 4.72, 4.71, 4.65, 4.63, 4.65, 4.65, 4.70, 4.65, 4.71, 4.72, 4.66, 4.62, 4.68, 4.70, 4.64, 4.78, 4.68, 4.79, 4.73, 4.77, 4.81, 4.80, 4.85, 4.89, 4.83, 4.86, 4.78, 4.91, 4.89, 4.81, 4.87, 4.77, 4.77, 4.79, 4.79, 4.82, 4.92, 4.96, 4.90, 4.93, 5.04, 4.94, 4.98, 5.00, 5.06, 5.00, 5.02, 5.02, 5.08, 5.11, 5.06, 5.12, 5.21, 5.11, 5.10, 5.11, 5.04, 5.14, 5.06, 5.14, 5.10, 5.26, 5.23, 5.20, 5.20, 5.27, 5.33, 5.34, 5.42, 5.52, 5.48, 5.50, 5.60, 5.65, 5.66, 5.62, 5.57, 5.66, 5.71, 5.59, 5.76, 5.72, 5.78, 5.81, 5.86, 5.92, 5.81, 5.85, 5.86, 5.85, 5.84, 5.90, 5.88, 6.00, 5.98, 5.86, 5.83, 5.91, 5.97, 5.86, 5.80, 5.82, 5.81, 5.78, 5.82, 5.77, 5.77, 5.90, 5.83, 5.89, 5.83, 5.86, 5.83, 5.94, 5.94, 6.02, 5.98, 5.95, 5.92, 5.95, 5.88, 5.95, 5.92, 5.98, 5.97, 5.98, 5.94, 5.97, 5.98, 6.03, 5.97, 6.01, 5.96, 6.06, 6.03, 6.01, 5.97, 5.88, 5.96, 5.86, 5.89, 5.90, 5.81, 5.93, 5.94, 5.86, 5.85, 5.96, 6.03, 6.00, 6.05, 6.07, 6.02, 5.93, 5.93, 5.93, 5.94, 5.83, 5.90, 6.05, 5.99, 5.94, 5.87, 5.87, 5.98, 6.01, 6.05, 5.95, 6.07, 5.97, 6.19, 6.25, 6.18, 6.24, 6.25, 6.29, 6.33, 6.57, 6.56, 6.49, 6.61, 6.57, 6.56, 6.69, 6.62, 6.53, 6.75, 6.80, 6.64, 6.78, 6.78, 6.88, 6.59, 6.71, 6.78, 6.77, 6.71, 6.66, 6.94, 6.70, 6.69, 6.82, 7.03, 6.82, 6.67, 6.66, 6.66, 6.70, 6.66, 6.52, 6.78, 6.84, 6.96, 6.90, 6.74, 6.80, 6.91, 6.81, 6.67, 6.67, 6.81, 6.87, 6.83, 6.85, 6.88, 6.92, 6.81, 6.81, 6.81, 6.73, 6.77, 6.84, 6.84, 6.88, 6.77, 6.73, 6.91, 6.81, 6.87, 6.90, 7.05, 6.89, 7.10, 7.04, 7.01, 7.03, 7.15, 7.25, 7.30, 7.26, 7.32, 7.31, 7.46, 7.51, 7.47, 7.60, 7.71, 7.79, 7.66, 7.75, 7.73, 7.63, 7.66, 7.82, 8.13, 8.13, 8.04, 8.05, 8.16, 8.17, 8.18, 8.03, 8.06, 7.95, 7.93, 7.92, 7.79, 7.78, 7.71, 7.64, 7.64, 7.70, 7.82, 7.66, 7.68, 7.84, 7.89, 7.87, 7.79, 8.00, 7.93, 7.87, 7.99, 7.84, 7.84, 7.78, 7.91, 7.89, 7.94, 7.87, 7.84, 7.88, 8.09, 8.21, 8.03, 8.12, 8.26, 8.28, 8.48, 8.38, 8.49, 8.42, 8.46, 8.63, 8.60, 8.73, 8.80, 8.81, 8.50, 8.72, 8.61, 8.71, 8.66, 8.89, 8.72, 8.69, 8.67, 8.70, 8.45, 8.44, 8.60, 8.64, 8.86, 8.98, 8.83, 8.89, 8.81, 8.82, 8.89, 8.76, 8.67, 8.65, 8.49, 8.66, 8.48, 8.71, 8.67, 8.82, 8.97, 8.84, 8.92, 8.95, 8.80, 8.91, 8.86, 8.73, 8.72, 8.56, 8.54, 8.74, 8.75, 8.80, 8.80, 8.72, 8.60, 8.90, 9.07, 8.85, 8.84, 8.83, 9.07, 9.08, 8.98, 9.19, 9.14, 9.12, 9.10, 9.03, 8.99, 9.07, 9.06, 9.07, 9.27, 9.09, 8.84, 8.94, 8.95, 8.90, 8.78, 9.04, 8.90, 9.10, 9.18, 9.05, 9.06, 9.16, 9.10, 9.09, 9.07, 9.18, 8.76, 9.13, 9.14, 9.05, 9.10, 9.09, 9.20, 9.01, 9.16, 9.07, 8.95, 9.18, 8.95, 9.23, 9.26, 9.21, 9.33, 9.16, 9.23, 9.16, 8.99, 9.18, 8.93, 8.89, 9.04, 8.94, 9.11, 8.91, 8.92, 8.83, 9.03, 8.98, 9.28, 9.15, 9.05, 8.76, 8.90, 8.85, 8.72, 9.20, 9.16, 9.17, 9.02, 9.19, 9.23, 9.40, 9.48, 9.55, 9.47, 9.57, 9.47, 9.59, 9.60, 9.49, 9.57, 9.36, 9.35, 9.44, 9.39, 9.52, 9.57, 9.66, 9.69, 9.70, 9.67, 9.63, 9.59, 9.51, 9.51, 9.57, 9.42, 9.54, 9.44, 9.23, 9.30, 9.16, 9.37, 9.48, 9.54, 9.56, 9.49, 9.49, 9.56, 9.58, 9.28, 9.48, 9.53, 9.55, 9.65, 9.75, 9.74, 9.46, 9.66, 9.66, 9.76, 9.62, 9.80, 9.82, 9.87, 9.78, 9.82, 9.92

-------------------------------
QTLs at generation 1313:

   30648: s = 1.92062, f == 0.8905, o == 116
   90839: s = 2.82617, f == 0.707, o == 523
   63083: s = 1.05462, f == 0.351, o == 548
   62349: s = 1.24903, f == 0.234, o == 1173
   3179: s = 0.096211, f == 0.183, o == 1161
   12780: s = 1.17534, f == 0.183, o == 1047
   55551: s = 2.43269, f == 0.122, o == 910
   15447: s = 0.444144, f == 0.1065, o == 177
   71079: s = -0.214898, f == 0.055, o == 1238
   19707: s = 0.21591, f == 0.0275, o == 1175
   41662: s = -0.986703, f == 0.0255, o == 1127
   21294: s = 0.0270926, f == 0.0175, o == 1231
   86173: s = 0.922366, f == 0.017, o == 521
   21406: s = 0.630203, f == 0.016, o == 1217
   45106: s = 0.586143, f == 0.0105, o == 1288
   59779: s = -0.250704, f == 0.01, o == 1247
   9785: s = -0.00551179, f == 0.0085, o == 1182
   30204: s = -0.744309, f == 0.0055, o == 1304
   23389: s = 1.44642, f == 0.0055, o == 1244
   84720: s = 1.92636, f == 0.005, o == 1301
   8118: s = 0.0652303, f == 0.005, o == 1295
   32197: s = -1.10276, f == 0.0045, o == 1298
   12304: s = 0.449655, f == 0.0045, o == 1299
   17145: s = -0.295464, f == 0.0025, o == 1307
   17669: s = -0.251888, f == 0.0015, o == 1311
   90105: s = 0.874602, f == 0.0015, o == 1286
   9329: s = -1.19446, f == 0.001, o == 1298
   20314: s = -0.963329, f == 0.001, o == 1308
   97171: s = 2.16346, f == 0.0005, o == 1313
   21005: s = -1.36164, f == 0.0005, o == 1310
   60739: s = -0.0668436, f == 0.0005, o == 1305
   24100: s = 1.58846, f == 0.0005, o == 1313
