0.00
-0.00
-0.00
-0.00
-0.00
-0.00
0.00
0.00
-0.01
0.00
0.01
0.00
0.00
0.00
0.00
0.01
-0.00
0.01
-0.00
0.00
0.01
-0.00
-0.01
-0.01
-0.01
-0.01
-0.02
-0.04
-0.02
-0.02
-0.01
-0.02
-0.02
-0.03
-0.03
-0.05
-0.04
-0.03
-0.05
-0.10
-0.06
-0.06
-0.04
-0.05
-0.05
-0.02
-0.05
-0.08
-0.08
-0.06
-0.04
-0.03
-0.04
-0.05
-0.05
-0.03
-0.04
-0.01
-0.02
0.00
-0.01
0.00
-0.01
-0.01
0.00
0.01
-0.00
-0.00
-0.00
-0.01
-0.00
0.00
0.02
0.01
0.01
0.02
0.01
0.03
0.02
0.02
0.02
0.01
0.00
0.01
0.01
0.00
0.01
0.01
0.01
0.02
0.01
0.00
0.02
0.01
0.01
0.03
0.02
0.01
0.04
0.01
0.08
0.07
0.05
0.05
0.08
0.05
0.03
0.05
0.04
0.03
0.02
-0.00
-0.02
-0.01
-0.03
-0.08
-0.06
-0.14
-0.10
-0.12
-0.06
-0.04
-0.07
-0.01
-0.01
-0.02
-0.00
-0.04
-0.02
-0.02
-0.02
-0.03
0.01
-0.00
-0.02
-0.05
-0.03
-0.02
0.04
0.03
0.04
0.07
0.13
0.11
0.05
0.09
0.12
0.10
0.10
0.12
0.18
0.18
0.19
0.16
0.20
0.15
0.16
0.17
0.24
0.21
0.23
0.28
0.27
0.24
0.25
0.25
0.24
0.23
0.25
0.23
0.21
0.27
0.20
0.22
0.24
0.21
0.21
0.22
0.23
0.19
0.19
0.22
0.25
0.28
0.23
0.25
0.28
0.29
0.28
0.25
0.33
0.28
0.31
0.34
0.38
0.37
0.39
0.39
0.32
0.36
0.34
0.36
0.44
0.40
0.43
0.43
0.52
0.49
0.46
0.52
0.50
0.55
0.49
0.53
0.44
0.47
0.50
0.49
0.47
0.39
0.45
0.45
0.52
0.55
0.48
0.51
0.52
0.49
0.47
0.46
0.51
0.41
0.58
0.53
0.52
0.55
0.61
0.57
0.56
0.57
0.56
0.59
0.60
0.55
0.57
0.63
0.54
0.64
0.69
0.66
0.82
0.74
0.82
0.74
0.78
0.75
0.71
0.83
0.83
0.80
0.75
0.86
0.89
0.84
0.89
0.96
0.99
1.03
0.98
1.03
1.00
0.96
1.07
1.10
1.01
1.08
1.06
1.06
1.11
1.14
1.04
1.07
1.14
1.17
1.24
1.18
1.18
1.15
1.07
1.09
1.22
1.19
1.17
1.09
1.21
1.24
1.24
1.19
1.18
1.14
1.20
1.13
1.15
1.18
1.21
1.21
1.32
1.28
1.34
1.18
1.26
1.37
1.33
1.25
1.24
1.33
1.34
1.44
1.50
1.50
1.48
1.35
1.34
1.40
1.37
1.40
1.37
1.41
1.46
1.45
1.52
1.48
1.62
1.66
1.65
1.63
1.75
1.63
1.70
1.76
1.69
1.67
1.76
1.83
1.74
1.81
1.85
1.87
1.87
1.89
1.71
1.93
1.86
1.94
1.92
1.88
1.82
1.84
2.02
2.03
2.13
2.07
2.05
2.05
2.00
2.05
1.97
2.00
2.08
1.98
2.10
1.99
2.04
2.11
2.18
2.16
2.10
2.08
2.12
2.21
2.13
2.16
2.10
2.09
2.14
2.18
2.30
2.29
2.25
2.28
2.24
2.27
2.35
2.33
2.32
2.44
2.33
2.41
2.36
2.41
2.44
2.49
2.55
2.59
2.57
2.53
2.58
2.62
2.63
2.68
2.76
2.81
2.83
2.74
2.74
2.81
2.84
2.87
2.90
2.82
2.78
2.89
2.88
2.84
2.89
2.89
2.89
2.74
2.91
2.90
2.89
2.86
2.82
2.78
2.70
2.87
2.87
2.73
2.79
2.82
2.81
2.75
2.78
2.75
2.74
2.80
2.71
2.81
2.77
2.78
2.72
2.83
2.85
2.90
2.94
2.87
2.83
2.93
2.97
2.99
3.12
3.15
3.14
3.11
3.17
3.14
3.18
3.13
3.24
3.17
3.12
3.21
3.21
3.26
3.34
3.26
3.34
3.41
3.50
3.48
3.54
3.51
3.69
3.72
3.64
3.72
3.76
3.77
3.76
3.65
3.80
3.78
3.71
3.77
3.67
3.73
3.73
3.63
3.71
3.81
3.93
3.91
4.01
3.94
3.98
3.99
3.98
3.99
3.94
3.86
3.95
3.87
4.04
3.88
3.84
3.96
3.92
3.89
3.99
3.84
3.88
3.84
3.88
3.93
3.88
3.90
3.95
4.00
4.08
4.04
4.06
4.24
4.23
4.33
4.28
4.32
4.32
4.34
4.22
4.16
4.19
4.31
4.34
4.40
4.21
4.34
4.42
4.47
4.50
4.46
4.52
4.48
4.41
4.41
4.51
4.47
4.53
4.47
4.50
4.47
4.48
4.59
4.67
4.60
4.71
4.61
4.58
4.64
4.65
4.77
4.81
4.84
4.89
4.82
4.77
4.76
4.91
4.96
4.93
4.94
5.02
4.93
5.04
4.97
5.16
5.24
5.28
5.23
5.21
5.29
5.38
5.25
5.25
5.39
5.46
5.40
5.33
5.33
5.33
5.42
5.58
5.55
5.56
5.50
5.58
5.64
5.59
5.57
5.76
5.73
5.83
5.84
5.83
6.00
6.00
5.99
5.91
6.00
5.92
5.97
5.97
5.94
6.10
6.08
6.06
6.10
6.06
6.06
6.13
6.11
6.03
6.25
6.22
6.22
6.32
6.44
6.31
6.34
6.34
6.33
6.47
6.47
6.54
6.55
6.59
6.52
6.46
6.45
6.38
6.48
6.47
6.55
6.63
6.61
6.65
6.57
6.55
6.51
6.60
6.67
6.80
6.84
6.73
6.82
6.86
6.82
6.85
6.84
6.88
6.85
6.86
6.79
6.89
6.89
6.90
6.95
6.97
7.03
6.93
6.99
7.05
7.09
7.03
7.05
7.03
7.00
7.06
7.02
7.15
7.05
7.06
7.14
7.15
7.17
7.10
7.14
7.10
7.13
7.13
7.11
7.19
7.17
7.06
7.22
7.19
7.24
7.25
7.26
7.24
7.28
7.34
7.35
7.40
7.30
7.35
7.36
7.38
7.39
7.42
7.36
7.39
7.28
7.42
7.36
7.42
7.48
7.51
7.39
7.40
7.45
7.49
7.42
7.53
7.51
7.57
7.55
7.50
7.54
7.56
7.57
7.60
7.64
7.66
7.68
7.77
7.76
7.82
7.80
7.80
7.72
7.72
7.69
7.69
7.75
7.75
7.73
7.72
7.74
7.83
7.86
7.80
7.86
7.95
7.93
7.94
7.93
7.90
7.97
8.00
7.98
7.99
8.03
8.02
8.05
8.00
8.09
8.02
8.03
8.03
8.09
8.09
8.07
8.10
8.11
8.06
8.05
8.07
8.07
8.14
8.12
8.12
8.11
8.15
8.16
8.18
8.24
8.23
8.18
8.18
8.19
8.24
8.26
8.23
8.27
8.26
8.32
8.34
8.36
8.31
8.32
8.30
8.27
8.28
8.29
8.31
8.22
8.33
8.30
8.36
8.43
8.34
8.33
8.35
8.26
8.26
8.23
8.26
8.21
8.27
8.27
8.32
8.36
8.34
8.38
8.32
8.36
8.36
8.37
8.37
8.35
8.36
8.37
8.39
8.38
8.42
8.39
8.44
8.46
8.51
8.47
8.54
8.58
8.55
8.60
8.58
8.59
8.68
8.59
8.57
8.59
8.62
8.59
8.67
8.66
8.64
8.59
8.65
8.54
8.63
8.53
8.52
8.53
8.52
8.59
8.55
8.55
8.59
8.59
8.51
8.52
8.52
8.59
8.57
8.52
8.44
8.45
8.35
8.36
8.37
8.45
8.35
8.35
8.44
8.42
8.41
8.42
8.36
8.36
8.32
8.30
8.28
8.48
8.35
8.35
8.32
8.44
8.37
8.37
8.33
8.38
8.36
8.41
8.50
8.53
8.47
8.56
8.58
8.60
8.60
8.64
8.70
8.72
8.69
8.63
8.65
8.71
8.76
8.82
8.74
8.83
8.88
8.84
8.79
8.94
8.97
8.86
8.91
8.93
8.89
8.95
9.06
9.06
9.09
8.95
8.92
8.98
8.82
8.88
8.91
8.86
8.79
8.87
8.78
8.82
8.82
8.95
8.94
8.90
8.77
8.94
8.90
8.86
8.84
8.96
8.97
8.98
8.87
8.87
9.06
9.11
9.00
9.07
8.94
8.93
8.87
8.86
8.78
8.78
8.72
8.85
8.76
8.82
8.88
8.75
8.89
8.74
8.90
9.00
8.81
8.91
8.97
9.06
8.94
9.02
8.98
8.97
9.08
8.93
8.81
8.77
8.78
8.76
8.87
8.94
8.90
8.86
8.96
8.91
9.02
8.86
8.85
8.75
8.73
8.77
8.89
8.92
9.00
8.93
8.84
8.82
8.84
8.73
8.87
8.77
8.88
8.75
8.88
8.82
8.85
8.78
8.76
8.76
8.81
8.72
8.81
8.71
8.83
8.69
8.77
8.75
8.80
8.72
8.73
8.65
8.67
8.74
8.74
8.76
8.75
8.66
8.75
8.71
8.72
8.77
8.75
8.81
8.88
8.92
8.94
8.81
8.94
8.87
8.89
8.84
8.94
9.12
8.99
8.96
9.04
9.08
8.95
9.06
9.02
9.04
9.04
9.04
8.94
9.04
9.12
9.12
9.01
9.02
9.11
9.15
9.06
9.13
9.21
9.20
9.23
9.18
9.22
9.19
9.36
9.17
9.30
9.21
9.19
9.33
9.31
9.25
9.22
9.32
9.14
9.33
9.31
9.37
9.50
9.57
9.28
9.33
9.28
9.41
9.51
9.46
9.43
9.41
9.42
9.56
9.53
9.49
9.48
9.30
9.35
9.41
9.25
9.27
9.36
9.32
9.36
9.44
9.37
9.51
9.49
9.55
9.64
9.72
9.60
9.76
9.77
9.63
9.67
9.66
9.65
9.72
9.79
9.62
9.63
9.60
9.66
9.58
9.56
9.51
9.50
9.54
9.63
9.55
9.58
9.62
9.66
9.56
9.56
9.61
9.66
9.54
9.60
9.56
9.72
9.53
9.40
9.41
9.44
9.64
9.54
9.53
9.51
9.50
9.54
9.62
9.55
9.61
9.54
9.76
9.72
9.57
9.58
9.50
9.45
9.57
9.58
9.56
9.59
9.65
9.66
9.80
9.74
9.75
9.81
9.80
9.66
9.57
9.54
9.43
9.56
9.33
9.41
9.54
9.49
9.48
9.40
9.30
9.25
9.23
9.27
9.26
9.28
9.34
9.16
9.13
9.10
9.14
9.05
9.02
9.13
9.04
9.07
9.14
9.03
9.07
8.95
8.94
8.94
8.94
9.02
8.99
9.06
9.01
9.05
9.07
9.00
9.03
9.10
9.08
8.96
9.07
8.93
9.12
8.94
9.17
9.20
9.24
9.27
9.37
9.13
9.32
9.39
9.33
9.32
9.39
9.35
9.26
9.23
9.20
9.06
9.18
9.14
9.16
9.22
9.29
9.40
9.32
9.29
9.28
9.33
9.50
9.57
9.49
9.59
9.54
9.51
9.52
9.54
9.56
9.69
9.73
9.82
9.88
9.82
9.82
9.63
9.84
9.88
9.98
0.00
0.00
-0.00
-0.00
-0.00
0.00
-0.00
-0.00
-0.01
-0.00
-0.02
-0.02
-0.03
-0.05
-0.03
-0.04
-0.02
-0.01
-0.02
-0.02
-0.00
-0.01
-0.01
0.00
0.02
-0.00
0.01
-0.00
0.01
0.02
0.01
0.03
0.01
0.03
0.02
0.05
0.06
0.05
0.06
0.02
0.07
0.07
0.08
0.10
0.07
0.08
0.07
0.08
0.07
0.05
0.07
0.06
0.02
0.02
0.04
0.03
0.04
0.05
0.07
0.08
0.06
0.02
0.05
0.05
0.03
0.03
0.06
0.07
0.09
0.12
0.14
0.16
0.16
0.18
0.15
0.13
0.11
0.13
0.14
0.13
0.19
0.08
0.08
0.10
0.11
0.12
0.09
0.15
0.16
0.11
0.11
0.12
0.14
0.13
0.09
0.12
0.07
0.08
0.08
0.06
0.11
0.12
0.09
0.09
0.05
0.06
0.06
0.07
0.09
0.12
0.11
0.06
0.14
0.14
0.13
0.17
0.12
0.14
0.13
0.16
0.15
0.13
0.15
0.16
0.17
0.14
0.14
0.14
0.18
0.12
0.18
0.17
0.14
0.08
0.15
0.12
0.11
0.18
0.18
0.19
0.14
0.17
0.14
0.15
0.14
0.16
0.16
0.18
0.15
0.18
0.35
0.32
0.32
0.30
0.32
0.34
0.39
0.39
0.28
0.29
0.34
0.29
0.36
0.33
0.36
0.28
0.33
0.29
0.26
0.34
0.33
0.34
0.40
0.32
0.38
0.41
0.50
0.49
0.50
0.50
0.50
0.66
0.56
0.54
0.57
0.53
0.68
0.58
0.61
0.67
0.50
0.51
0.50
0.53
0.49
0.42
0.48
0.53
0.45
0.48
0.42
0.45
0.37
0.37
0.42
0.38
0.46
0.38
0.30
0.41
0.40
0.29
0.37
0.40
0.41
0.40
0.36
0.36
0.42
0.36
0.37
0.50
0.49
0.51
0.55
0.57
0.50
0.54
0.56
0.52
0.51
0.58
0.49
0.50
0.49
0.46
0.58
0.56
0.68
0.68
0.58
0.75
0.66
0.69
0.72
0.71
0.74
0.76
0.71
0.69
0.83
0.75
0.76
0.79
0.87
0.86
0.80
0.80
0.70
0.86
0.86
0.67
0.69
0.64
0.64
0.67
0.61
0.72
0.83
0.77
0.64
0.75
0.80
0.89
0.80
0.77
0.80
0.73
0.68
0.83
0.91
0.76
0.91
0.95
1.10
1.15
1.22
1.16
1.05
1.20
1.26
1.27
1.36
1.37
1.43
1.59
1.46
1.59
1.47
1.53
1.65
1.78
1.94
1.85
1.78
1.76
1.70
1.75
1.93
1.92
1.86
1.69
1.85
1.93
1.99
2.04
1.95
2.03
2.05
2.03
1.89
1.96
1.85
1.84
1.86
1.93
1.91
1.98
1.94
1.98
2.05
2.00
2.04
1.86
1.74
1.79
1.98
1.91
1.92
1.89
1.91
2.11
2.17
2.36
2.36
2.17
2.20
2.20
2.42
2.51
2.57
2.47
2.58
2.69
2.61
2.85
2.70
2.83
2.84
2.82
2.77
2.77
2.86
2.87
2.95
3.14
3.05
3.00
3.19
3.14
3.16
3.11
3.06
2.96
3.26
3.14
2.92
3.23
3.15
3.15
3.19
3.45
3.44
3.49
3.58
3.56
3.71
3.61
3.66
3.65
3.73
3.60
3.72
3.86
3.88
3.88
3.98
3.86
3.91
3.99
4.08
4.22
4.10
4.25
4.20
4.22
4.19
4.24
4.38
4.53
4.46
4.58
4.65
4.68
4.65
4.72
4.84
4.90
4.86
4.92
5.00
5.00
4.99
4.98
5.07
4.98
5.00
4.87
4.91
4.90
4.80
4.84
4.89
4.91
4.87
4.97
4.96
5.02
5.08
5.08
5.13
5.14
4.99
5.06
5.07
5.09
5.11
5.04
5.11
5.26
5.07
5.22
5.30
5.25
5.31
5.23
5.30
5.32
5.34
5.31
5.24
5.35
5.35
5.42
5.44
5.45
5.42
5.37
5.39
5.42
5.42
5.48
5.56
5.49
5.45
5.38
5.37
5.38
5.45
5.44
5.38
5.47
5.48
5.55
5.55
5.54
5.51
5.57
5.57
5.53
5.58
5.62
5.66
5.72
5.78
5.78
5.75
5.76
5.80
5.80
5.81
5.82
5.87
5.85
5.81
6.00
5.89
5.91
5.94
5.94
5.96
5.94
5.95
5.98
5.99
6.01
6.00
5.92
5.96
5.94
5.91
5.92
6.00
5.98
6.03
5.97
5.96
5.93
5.94
5.92
5.85
5.92
5.96
5.89
5.92
5.91
5.96
6.03
6.01
6.02
5.96
5.97
5.96
5.96
5.93
5.94
6.00
5.99
5.99
5.99
6.00
5.96
6.01
5.98
6.02
6.04
6.00
5.97
5.99
5.99
5.97
5.97
5.99
5.98
5.95
6.00
5.94
6.00
6.03
6.00
6.04
6.03
6.05
6.09
6.05
6.07
6.05
6.08
6.11
6.09
6.08
6.17
6.14
6.19
6.21
6.13
6.10
6.16
6.15
6.15
6.17
6.08
6.05
6.07
6.14
6.11
6.09
6.15
6.06
6.04
6.12
6.14
6.18
6.18
6.16
6.15
6.23
6.24
6.19
6.22
6.25
6.31
6.34
6.37
6.40
6.36
6.37
6.43
6.40
6.39
6.43
6.39
6.46
6.38
6.40
6.35
6.43
6.40
6.40
6.53
6.44
6.46
6.52
6.50
6.55
6.51
6.44
6.49
6.44
6.39
6.53
6.53
6.55
6.46
6.52
6.57
6.70
6.72
6.69
6.61
6.72
6.69
6.83
6.73
6.83
6.72
6.80
6.86
6.82
6.82
6.83
6.78
6.75
6.77
6.92
6.68
6.74
6.80
6.64
6.72
6.90
6.89
6.91
6.87
6.94
6.91
6.94
6.92
6.85
6.98
7.09
6.99
7.13
7.03
7.09
7.08
7.04
7.02
6.93
6.98
7.06
7.04
7.03
7.03
7.17
7.12
7.10
7.07
6.93
6.88
7.05
7.04
7.21
7.15
7.21
7.39
7.42
7.26
7.21
7.28
7.38
7.33
7.32
7.35
7.37
7.35
7.36
7.23
7.25
7.25
7.33
7.33
7.42
7.46
7.48
7.50
7.63
7.73
7.69
7.58
7.70
7.63
7.66
7.71
7.62
7.71
7.71
7.80
7.63
7.66
7.64
7.48
7.52
7.62
7.54
7.61
7.64
7.68
7.66
7.72
7.89
7.74
7.72
7.93
8.11
8.06
8.01
7.99
8.11
8.04
8.17
8.20
8.16
8.23
8.30
8.36
8.33
8.21
8.10
8.31
8.31
8.27
8.37
8.40
8.34
8.32
8.27
8.42
8.41
8.33
8.42
8.50
8.47
8.46
8.40
8.48
8.48
8.47
8.60
8.65
8.64
8.68
8.59
8.55
8.61
8.53
8.69
8.73
8.67
8.51
8.64
8.69
8.62
8.73
8.79
8.68
8.82
8.80
8.87
8.84
8.76
8.80
8.74
8.73
8.79
8.72
8.85
8.84
8.78
8.94
8.92
8.85
8.89
8.96
8.99
9.10
9.02
9.00
8.96
9.04
9.01
9.06
8.95
8.98
8.90
8.86
8.98
8.90
8.85
8.97
8.78
8.77
8.80
8.77
8.87
8.78
8.97
8.82
8.92
8.97
8.98
8.91
8.88
8.90
8.99
9.02
8.93
9.01
9.01
9.11
9.04
9.10
8.99
9.14
9.16
9.16
9.27
9.56
9.28
9.32
9.32
9.34
9.34
9.37
9.26
9.41
9.40
9.37
9.42
9.42
9.49
9.47
9.34
9.48
9.28
9.33
9.18
9.16
9.37
9.35
9.38
9.30
9.36
9.41
9.26
9.35
9.28
9.35
9.24
9.31
9.24
9.18
9.15
9.22
9.21
9.37
9.38
9.34
9.27
9.21
9.36
9.32
9.40
9.40
9.41
9.33
9.33
9.28
9.22
9.30
9.29
9.33
9.30
9.44
9.35
9.26
9.35
9.36
9.22
9.31
9.34
9.23
9.13
9.28
9.38
9.32
9.28
9.36
9.30
9.35
9.29
9.35
9.47
9.37
9.44
9.44
9.47
9.44
9.44
9.45
9.38
9.20
9.30
9.38
9.37
9.38
9.46
9.57
9.62
9.72
9.68
9.79
9.63
9.63
9.60
9.80
9.65
9.67
9.59
9.68
9.59
9.59
9.74
9.86
9.91
0.00
-0.00
-0.00
-0.01
-0.01
-0.01
-0.00
0.01
0.01
0.01
-0.00
0.00
0.00
0.01
0.00
-0.00
0.00
0.01
0.01
0.03
0.01
0.02
0.01
0.03
0.01
0.02
0.04
0.00
-0.02
-0.04
-0.02
-0.04
-0.01
-0.03
-0.04
-0.06
-0.06
-0.03
-0.03
-0.04
-0.05
-0.03
-0.04
-0.04
-0.04
0.00
0.02
-0.03
-0.04
-0.01
-0.01
-0.01
-0.00
-0.00
-0.03
0.00
0.02
0.03
0.03
0.03
0.03
0.03
0.04
0.03
0.03
0.03
0.02
0.04
0.05
0.02
0.04
0.06
0.04
0.02
0.02
0.03
0.03
0.02
0.01
0.03
0.06
0.05
0.04
0.03
0.03
0.02
0.04
0.01
0.02
-0.02
0.02
-0.02
-0.02
-0.02
-0.04
-0.07
-0.07
-0.03
-0.07
-0.01
-0.00
-0.06
-0.03
-0.06
-0.02
-0.03
-0.01
-0.02
-0.04
-0.04
-0.04
-0.01
0.01
0.03
0.04
0.06
0.05
0.06
0.09
0.07
0.08
0.08
0.10
0.07
0.11
0.10
0.06
0.05
-0.01
0.04
0.05
0.03
0.01
0.03
0.05
0.07
0.08
0.07
0.08
0.05
0.04
0.05
0.06
0.04
0.06
0.01
0.04
0.06
0.08
0.09
0.06
0.08
0.09
0.09
0.12
0.10
0.12
0.12
0.08
0.10
0.09
0.07
0.07
0.09
0.11
0.12
0.13
0.09
0.10
0.10
0.10
0.08
0.09
0.11
0.10
0.07
0.10
0.09
0.10
0.11
0.10
0.07
0.09
0.08
0.10
0.07
0.07
0.06
0.05
0.04
0.03
0.03
0.02
0.01
0.03
0.04
0.02
0.01
0.02
0.03
0.01
0.01
0.01
0.03
0.01
0.02
0.04
0.05
0.01
0.03
0.06
0.00
0.02
0.02
0.04
0.03
0.04
0.09
0.07
0.04
0.07
0.08
0.08
0.07
0.07
0.10
0.10
0.12
0.14
0.11
0.11
0.11
0.12
0.14
0.11
0.14
0.13
0.15
0.18
0.16
0.19
0.16
0.13
0.16
0.17
0.19
0.22
0.21
0.19
0.18
0.18
0.18
0.21
0.22
0.17
0.15
0.22
0.24
0.22
0.26
0.27
0.21
0.19
0.20
0.24
0.19
0.19
0.17
0.28
0.24
0.26
0.25
0.22
0.22
0.24
0.25
0.25
0.21
0.22
0.21
0.21
0.22
0.17
0.16
0.09
0.14
0.15
0.18
0.13
0.17
0.16
0.19
0.20
0.16
0.22
0.21
0.21
0.21
0.19
0.21
0.26
0.28
0.26
0.25
0.21
0.22
0.22
0.19
0.20
0.19
0.20
0.23
0.19
0.20
0.25
0.24
0.25
0.26
0.29
0.26
0.30
0.35
0.33
0.38
0.41
0.38
0.38
0.39
0.39
0.46
0.43
0.46
0.42
0.51
0.47
0.42
0.46
0.40
0.38
0.39
0.38
0.41
0.38
0.34
0.35
0.30
0.31
0.37
0.35
0.39
0.37
0.41
0.43
0.36
0.39
0.41
0.41
0.43
0.43
0.38
0.41
0.45
0.44
0.41
0.46
0.49
0.52
0.52
0.52
0.56
0.58
0.49
0.57
0.57
0.63
0.63
0.66
0.67
0.67
0.60
0.76
0.68
0.69
0.65
0.63
0.64
0.63
0.66
0.65
0.68
0.63
0.72
0.74
0.69
0.69
0.77
0.76
0.67
0.67
0.75
0.66
0.70
0.70
0.65
0.67
0.61
0.61
0.61
0.68
0.68
0.74
0.72
0.78
0.74
0.75
0.79
0.78
0.78
0.79
0.82
0.75
0.75
0.76
0.75
0.80
0.71
0.66
0.67
0.67
0.69
0.66
0.61
0.65
0.66
0.66
0.63
0.60
0.62
0.67
0.69
0.75
0.70
0.69
0.79
0.76
0.84
0.84
0.81
0.95
0.83
0.80
0.83
0.76
0.81
0.84
0.84
0.86
0.84
0.82
0.79
0.79
0.71
0.68
0.69
0.73
0.78
0.75
0.75
0.81
0.79
0.79
0.82
0.75
0.83
0.78
0.76
0.80
0.85
0.86
0.96
0.93
1.02
0.97
0.95
0.94
1.04
0.98
1.00
1.02
1.03
0.98
1.02
0.92
0.93
0.97
1.06
1.14
1.14
1.15
1.08
1.05
1.06
1.18
1.06
1.13
1.07
1.09
1.07
1.13
1.07
1.19
1.20
1.20
1.33
1.20
1.19
1.13
1.25
1.28
1.24
1.29
1.24
1.18
1.22
1.19
1.25
1.21
1.18
1.20
1.14
1.20
1.29
1.33
1.34
1.34
1.36
1.37
1.39
1.46
1.46
1.46
1.53
1.52
1.56
1.50
1.52
1.52
1.69
1.71
1.66
1.75
1.80
1.83
1.77
1.78
1.81
1.63
1.66
1.77
1.73
1.78
1.75
1.67
1.69
1.76
1.84
1.87
1.85
1.85
1.98
1.94
1.84
1.86
1.91
1.93
2.04
2.03
2.04
1.98
2.07
2.12
2.06
2.16
2.20
2.25
2.12
2.12
2.18
2.07
2.04
1.97
2.01
1.94
1.94
1.84
1.88
1.95
1.86
1.86
1.86
1.83
1.83
1.89
1.94
1.98
2.09
2.12
2.18
2.03
2.08
2.08
2.04
1.92
1.97
2.02
1.94
1.99
2.03
1.96
2.06
1.96
2.09
2.16
2.18
2.17
2.27
2.28
2.25
2.26
2.23
2.32
2.36
2.39
2.37
2.37
2.28
2.29
2.29
2.29
2.32
2.36
2.25
2.34
2.32
2.34
2.44
2.38
2.47
2.55
2.52
2.50
2.52
2.50
2.53
2.57
2.51
2.52
2.57
2.56
2.50
2.48
2.58
2.50
2.52
2.45
2.49
2.52
2.62
2.64
2.68
2.70
2.74
2.75
2.72
2.77
2.72
2.79
2.70
2.78
2.79
2.65
2.70
2.76
2.73
2.74
2.81
2.83
2.84
2.79
2.84
2.86
2.90
2.85
2.78
2.83
2.79
2.91
2.81
2.87
2.90
2.92
2.92
3.07
2.90
3.08
2.99
2.97
2.97
2.98
2.98
3.07
3.06
3.05
3.19
3.14
3.13
3.06
3.18
3.22
3.26
3.24
3.27
3.26
3.29
3.24
3.29
3.38
3.37
3.41
3.45
3.40
3.49
3.50
3.51
3.58
3.67
3.61
3.59
3.49
3.48
3.54
3.63
3.65
3.59
3.59
3.65
3.64
3.66
3.64
3.57
3.71
3.67
3.55
3.78
3.65
3.73
3.86
3.86
3.82
3.77
3.77
3.82
3.83
3.80
3.93
3.97
3.95
3.96
4.05
4.00
4.01
4.04
4.01
3.95
4.03
4.01
4.09
4.00
4.10
4.01
4.14
4.14
4.15
4.26
4.26
4.23
4.30
4.25
4.34
4.38
4.50
4.29
4.24
4.42
4.30
4.51
4.52
4.66
4.62
4.71
4.69
4.74
4.82
4.96
4.98
4.92
4.85
4.85
4.82
4.85
5.00
4.97
4.97
4.96
4.97
4.89
4.97
4.95
4.92
5.07
4.97
5.06
4.99
4.90
4.96
5.02
4.96
5.05
5.07
5.17
5.15
5.08
5.09
5.18
5.34
5.31
5.28
5.35
5.22
5.40
5.48
5.56
5.57
5.70
5.74
5.61
5.70
5.82
5.78
6.07
5.86
5.85
5.93
5.84
5.83
5.90
5.98
6.01
6.02
5.98
5.99
6.01
5.96
6.01
6.01
6.12
6.03
6.09
6.04
5.99
5.99
5.94
5.91
5.91
5.79
5.79
5.98
5.93
5.85
5.87
6.06
5.88
5.86
5.89
5.91
5.98
5.94
6.01
6.15
6.13
6.34
6.36
6.44
6.38
6.37
6.37
6.62
6.58
6.59
6.51
6.38
6.56
6.49
6.62
6.55
6.64
6.72
6.72
6.81
6.58
6.64
6.63
6.64
6.73
6.79
6.70
6.70
6.72
6.67
6.70
6.70
6.87
6.89
6.85
6.98
7.00
6.99
7.01
7.16
6.99
6.94
6.98
6.87
6.96
6.90
6.92
6.81
6.87
7.08
7.12
7.11
7.21
7.14
7.18
7.21
7.18
7.34
7.40
7.42
7.24
7.33
7.46
7.35
7.42
7.52
7.59
7.53
7.51
7.56
7.54
7.57
7.45
7.50
7.49
7.53
7.57
7.49
7.63
7.60
7.65
7.72
7.80
7.73
7.79
7.70
7.67
7.73
7.67
7.77
7.77
7.75
7.84
7.82
7.78
7.84
7.97
7.94
7.99
8.04
7.99
7.99
8.09
7.93
8.06
7.96
7.97
7.92
7.96
7.98
7.96
7.93
7.95
8.04
8.07
7.87
7.88
7.84
7.93
8.01
7.97
7.89
7.92
7.91
7.92
7.97
7.92
7.89
7.94
8.02
8.17
8.14
8.23
8.21
8.23
8.22
8.15
8.13
8.14
8.18
8.21
8.25
8.24
8.26
8.14
8.19
8.25
8.11
8.15
8.19
8.22
8.21
8.23
8.17
8.34
8.23
8.30
8.27
8.32
8.27
8.30
8.33
8.26
8.24
8.25
8.22
8.22
8.20
8.26
8.13
8.22
8.29
8.36
8.23
8.26
8.18
8.30
8.28
8.19
8.22
8.13
8.27
8.22
8.18
8.13
8.17
8.14
8.23
8.18
8.09
8.18
8.10
8.13
8.18
8.15
8.16
8.10
8.19
8.15
8.18
8.22
8.15
8.21
8.18
8.25
8.23
8.17
8.14
8.20
8.12
8.12
8.14
8.04
8.06
8.04
7.99
8.00
7.91
8.03
8.09
8.08
8.14
8.14
8.16
8.10
8.09
8.06
8.06
7.96
7.98
8.02
8.04
8.03
8.15
8.17
8.16
8.27
8.32
8.19
8.19
8.20
8.16
8.23
8.16
8.13
8.12
8.14
8.18
8.14
8.21
8.23
8.18
8.14
8.20
8.13
8.16
8.08
8.08
8.17
8.19
8.19
8.18
8.16
8.19
8.32
8.22
8.25
8.24
8.26
8.21
8.20
8.18
8.26
8.22
8.19
8.24
8.23
8.25
8.18
8.19
8.20
8.15
8.02
8.13
8.16
8.10
8.01
7.99
8.03
7.94
8.02
8.03
7.84
7.90
7.81
7.86
7.82
7.78
7.75
7.85
7.84
7.88
7.91
7.98
8.02
8.03
8.14
8.06
8.01
8.00
7.92
7.97
7.95
7.95
8.01
8.08
8.02
8.07
8.06
8.04
8.00
8.08
8.11
8.04
8.01
7.99
8.08
8.04
8.02
8.04
8.07
8.07
8.06
8.08
8.06
8.09
8.02
7.99
8.07
8.06
8.15
8.10
8.10
8.10
8.11
8.13
8.18
8.22
8.23
8.23
8.23
8.23
8.24
8.28
8.26
8.29
8.18
8.21
8.16
8.16
8.14
8.11
8.21
8.22
8.26
8.24
8.18
8.22
8.26
8.27
8.30
8.31
8.32
8.35
8.39
8.32
8.30
8.37
8.41
8.53
8.35
8.43
8.45
8.37
8.43
8.38
8.36
8.37
8.42
8.38
8.39
8.39
8.37
8.40
8.40
8.42
8.40
8.32
8.40
8.32
8.39
8.29
8.34
8.26
8.30
8.31
8.25
8.27
8.24
8.40
8.29
8.29
8.29
8.24
8.30
8.33
8.28
8.39
8.37
8.30
8.33
8.30
8.41
8.35
8.42
8.35
8.39
8.37
8.40
8.34
8.36
8.38
8.39
8.35
8.42
8.44
8.41
8.38
8.42
8.36
8.40
8.43
8.41
8.39
8.35
8.36
8.36
8.36
8.38
8.37
8.37
8.40
8.37
8.32
8.28
8.33
8.31
8.31
8.24
8.22
8.25
8.14
8.18
8.11
8.13
8.05
8.08
8.13
8.21
8.22
8.23
8.25
8.26
8.25
8.33
8.22
8.28
8.25
8.32
8.36
8.29
8.33
8.26
8.28
8.27
8.30
8.30
8.29
8.35
8.34
8.41
8.39
8.26
8.27
8.27
8.24
8.20
8.20
8.20
8.18
8.12
8.14
8.24
8.24
8.25
8.17
8.26
8.28
8.30
8.32
8.33
8.34
8.27
8.31
8.31
8.34
8.36
8.44
8.37
8.45
8.43
8.35
8.35
8.40
8.32
8.33
8.34
8.39
8.36
8.35
8.39
8.47
8.50
8.51
8.52
8.54
8.54
8.56
8.61
8.63
8.64
8.63
8.66
8.62
8.65
8.61
8.63
8.63
8.63
8.68
8.64
8.59
8.64
8.64
8.65
8.57
8.64
8.60
8.64
8.68
8.76
8.68
8.66
8.67
8.68
8.66
8.65
8.69
8.69
8.70
8.68
8.67
8.67
8.70
8.74
8.75
8.84
8.82
8.83
8.80
8.76
8.81
8.83
8.79
8.81
8.80
8.80
8.83
8.86
8.86
8.85
8.78
8.82
8.80
8.86
8.82
8.84
8.81
8.78
8.77
8.80
8.75
8.76
8.75
8.75
8.78
8.80
8.81
8.78
8.75
8.77
8.81
8.77
8.75
8.72
8.72
8.78
8.79
8.82
8.80
8.86
8.83
8.79
8.84
8.82
8.79
8.81
8.88
8.79
8.81
8.79
8.84
8.83
8.78
8.84
8.80
8.83
8.89
8.92
8.96
8.92
8.92
8.96
8.94
8.94
8.94
8.93
8.93
8.91
8.90
8.86
8.85
8.86
8.85
8.83
8.85
8.87
8.80
8.82
8.86
8.84
8.90
8.95
8.93
9.01
8.93
8.98
8.99
8.98
9.01
8.95
8.95
8.94
8.95
8.92
8.90
8.85
8.89
8.92
8.91
8.86
8.84
8.90
8.75
8.81
8.79
8.76
8.86
8.92
8.94
8.98
8.90
8.96
8.89
8.87
8.85
8.90
8.84
8.81
8.71
8.75
8.66
8.65
8.71
8.66
8.76
8.66
8.64
8.66
8.68
8.69
8.66
8.65
8.65
8.65
8.75
8.67
8.74
8.74
8.78
8.74
8.83
8.79
8.82
8.85
8.85
8.75
8.76
8.89
8.84
8.87
8.93
8.91
8.89
8.95
8.97
8.99
8.98
8.94
8.97
9.00
9.00
9.04
9.04
9.05
9.01
9.03
9.10
9.14
9.12
9.09
9.02
9.09
8.99
9.08
9.04
9.07
9.13
9.03
9.07
8.95
9.16
9.04
9.07
8.99
9.03
9.12
9.04
9.05
9.11
9.15
9.05
8.98
9.02
9.02
9.04
9.05
9.05
9.15
9.07
9.15
9.16
9.17
9.20
9.23
9.24
9.29
9.23
9.21
9.21
9.19
9.19
9.32
9.26
9.26
9.24
9.23
9.30
9.33
9.38
9.35
9.34
9.32
9.39
9.42
9.42
9.47
9.48
9.51
9.56
9.48
9.49
9.52
9.59
9.50
9.64
9.58
9.61
9.62
9.60
9.62
9.68
9.62
9.69
9.59
9.62
9.57
9.61
9.60
9.62
9.61
9.61
9.62
9.61
9.53
9.55
9.57
9.51
9.51
9.49
9.46
9.40
9.45
9.45
9.52
9.50
9.54
9.53
9.54
9.56
9.49
9.48
9.48
9.51
9.49
9.46
9.44
9.47
9.40
9.44
9.44
9.48
9.50
9.48
9.52
9.45
9.45
9.41
9.37
9.45
9.44
9.42
9.49
9.53
9.55
9.50
9.50
9.54
9.55
9.61
9.63
9.75
9.74
9.68
9.68
9.73
9.71
9.81
9.75
9.69
9.68
9.74
9.69
9.69
9.64
9.59
9.60
9.62
9.57
9.53
9.56
9.52
9.53
9.50
9.56
9.55
9.51
9.55
9.49
9.42
9.36
9.35
9.35
9.36
9.29
9.38
9.31
9.33
9.39
9.35
9.35
9.41
9.42
9.42
9.55
9.51
9.47
9.45
9.41
9.33
9.34
9.34
9.41
9.43
9.37
9.37
9.41
9.37
9.44
9.35
9.37
9.32
9.32
9.29
9.40
9.34
9.36
9.29
9.28
9.27
9.24
9.35
9.25
9.26
9.26
9.28
9.24
9.35
9.27
9.25
9.25
9.23
9.24
9.32
9.36
9.35
9.32
9.33
9.39
9.39
9.36
9.38
9.41
9.49
9.52
9.51
9.46
9.40
9.42
9.46
9.46
9.54
9.55
9.47
9.46
9.44
9.43
9.47
9.51
9.54
9.56
9.59
9.59
9.58
9.59
9.59
9.61
9.54
9.63
9.53
9.54
9.66
9.57
9.55
9.51
9.52
9.52
9.58
9.54
9.59
9.55
9.54
9.54
9.49
9.50
9.45
9.40
9.36
9.42
9.36
9.35
9.34
9.33
9.30
9.36
9.39
9.33
9.31
9.36
9.35
9.43
9.44
9.42
9.33
9.47
9.47
9.37
9.39
9.36
9.34
9.34
9.29
9.33
9.36
9.31
9.31
9.31
9.37
9.36
9.33
9.34
9.30
9.30
9.32
9.38
9.32
9.34
9.42
9.30
9.37
9.32
9.41
9.37
9.36
9.35
9.31
9.31
9.33
9.34
9.30
9.21
9.19
9.15
9.11
9.15
9.17
9.14
9.16
9.19
9.16
9.22
9.23
9.13
9.17
9.21
9.18
9.18
9.18
9.22
9.15
9.18
9.09
9.09
9.09
9.13
9.16
9.04
9.10
9.13
9.10
9.14
9.17
9.24
9.22
9.18
9.12
9.21
9.12
9.23
9.20
9.25
9.30
9.25
9.31
9.36
9.37
9.39
9.35
9.40
9.42
9.39
9.36
9.29
9.35
9.38
9.43
9.36
9.38
9.43
9.42
9.42
9.36
9.32
9.45
9.32
9.39
9.43
9.30
9.38
9.42
9.44
9.36
9.30
9.27
9.34
9.28
9.32
9.31
9.32
9.30
9.31
9.31
9.31
9.28
9.33
9.40
9.34
9.34
9.43
9.29
9.41
9.44
9.45
9.44
9.49
9.48
9.52
9.46
9.51
9.44
9.38
9.41
9.33
9.30
9.34
9.34
9.41
9.44
9.38
9.46
9.50
9.52
9.56
9.47
9.49
9.44
9.61
9.61
9.58
9.48
9.52
9.50
9.59
9.53
9.60
9.50
9.47
9.50
9.53
9.52
9.49
9.50
9.53
9.50
9.54
9.49
9.56
9.49
9.46
9.62
9.55
9.50
9.57
9.52
9.56
9.37
9.41
9.35
9.40
9.36
9.40
9.40
9.31
9.39
9.38
9.38
9.34
9.41
9.41
9.42
9.41
9.35
9.47
9.47
9.44
9.44
9.46
9.43
9.45
9.44
9.45
9.46
9.47
9.50
9.53
9.53
9.49
9.55
9.53
9.54
9.51
9.51
9.57
9.54
9.54
9.55
9.54
9.55
9.50
9.63
9.58
9.55
9.58
9.60
9.64
9.68
9.66
9.69
9.70
9.70
9.78
9.77
9.71
9.73
9.74
9.77
9.69
9.65
9.63
9.61
9.58
9.66
9.65
9.74
9.70
9.73
9.72
9.75
9.73
9.82
9.80
9.84
9.85
9.79
9.84
9.79
9.85
9.80
9.86
9.88
9.90
9.88
9.89
9.92
0.00
-0.00
-0.00
-0.00
-0.02
-0.00
-0.01
-0.01
-0.00
0.00
-0.00
0.00
0.00
0.00
0.00
0.00
0.00
0.00
0.00
-0.01
-0.01
-0.01
-0.00
-0.01
-0.01
-0.00
0.00
0.00
0.00
0.02
0.02
0.01
0.02
0.01
0.02
0.02
0.01
0.01
0.00
-0.00
-0.01
-0.01
-0.01
-0.01
0.01
0.00
-0.00
0.00
0.00
0.01
0.01
0.00
0.01
0.02
0.03
0.01
0.03
0.04
0.04
0.03
0.02
0.00
0.02
0.00
0.02
0.01
0.01
0.00
-0.00
-0.01
-0.01
-0.01
-0.01
-0.00
-0.01
0.00
0.01
0.02
0.03
0.02
0.01
0.02
0.02
0.02
0.03
0.02
0.02
0.01
0.01
0.01
0.01
-0.00
0.02
0.01
0.02
0.00
-0.01
-0.00
-0.01
-0.02
-0.00
0.00
-0.01
-0.02
-0.02
-0.04
-0.03
-0.02
-0.03
-0.01
-0.02
-0.02
-0.02
-0.02
-0.01
-0.01
-0.02
-0.00
-0.02
-0.02
-0.05
-0.03
-0.02
-0.03
-0.01
-0.02
-0.01
-0.01
-0.02
-0.01
-0.01
-0.01
-0.01
-0.00
-0.01
-0.01
-0.00
-0.01
-0.01
-0.02
-0.01
-0.01
-0.02
-0.01
-0.01
-0.02
-0.02
-0.02
-0.03
-0.02
-0.02
-0.02
-0.02
-0.01
-0.01
-0.02
-0.02
-0.02
-0.02
-0.04
-0.02
-0.02
-0.02
-0.03
-0.03
-0.02
-0.02
-0.02
-0.01
-0.02
-0.01
-0.02
-0.02
-0.02
-0.02
-0.04
-0.04
-0.01
-0.02
-0.06
-0.02
-0.04
-0.04
-0.04
-0.03
-0.03
-0.04
-0.05
-0.07
-0.06
-0.07
-0.06
-0.04
-0.04
-0.03
-0.03
-0.03
-0.05
-0.05
-0.04
-0.05
-0.05
-0.06
-0.09
-0.08
-0.10
-0.08
-0.10
-0.11
-0.10
-0.10
-0.11
-0.09
-0.08
-0.08
-0.07
-0.08
-0.06
-0.07
-0.06
-0.06
-0.06
-0.06
-0.05
-0.08
-0.07
-0.05
-0.04
-0.03
-0.03
0.01
0.00
0.03
-0.02
0.06
0.06
0.03
0.08
0.07
0.08
0.09
0.09
0.09
0.17
0.13
0.10
0.04
0.05
0.06
0.08
0.04
0.03
0.11
0.16
0.07
0.14
0.09
0.15
0.15
0.10
0.12
0.11
0.09
0.08
0.09
0.04
0.03
0.02
0.03
0.01
0.00
-0.01
-0.04
-0.01
-0.00
0.02
0.04
0.13
0.12
0.07
0.10
0.09
0.08
0.11
0.16
0.20
0.22
0.13
0.11
0.16
0.22
0.20
0.18
0.23
0.28
0.22
0.29
0.28
0.28
0.28
0.29
0.23
0.30
0.25
0.31
0.27
0.31
0.33
0.30
0.31
0.26
0.29
0.26
0.21
0.24
0.22
0.25
0.22
0.20
0.21
0.20
0.27
0.19
0.22
0.28
0.29
0.21
0.22
0.22
0.23
0.23
0.21
0.20
0.20
0.23
0.23
0.24
0.25
0.29
0.28
0.25
0.25
0.23
0.24
0.25
0.31
0.23
0.27
0.22
0.25
0.30
0.20
0.22
0.23
0.21
0.27
0.28
0.33
0.31
0.28
0.33
0.30
0.32
0.28
0.31
0.26
0.30
0.32
0.28
0.28
0.34
0.32
0.34
0.34
0.34
0.33
0.27
0.32
0.31
0.33
0.33
0.35
0.36
0.35
0.35
0.42
0.39
0.44
0.40
0.40
0.37
0.39
0.41
0.38
0.41
0.35
0.38
0.38
0.35
0.35
0.37
0.29
0.33
0.29
0.24
0.26
0.29
0.28
0.27
0.33
0.36
0.35
0.36
0.37
0.35
0.40
0.35
0.36
0.46
0.43
0.45
0.44
0.50
0.47
0.45
0.46
0.49
0.46
0.47
0.46
0.44
0.45
0.52
0.47
0.43
0.47
0.40
0.39
0.42
0.43
0.48
0.44
0.36
0.43
0.42
0.44
0.45
0.47
0.42
0.47
0.46
0.45
0.51
0.50
0.48
0.44
0.41
0.44
0.46
0.50
0.50
0.43
0.47
0.49
0.47
0.48
0.46
0.45
0.43
0.36
0.45
0.39
0.43
0.41
0.38
0.37
0.36
0.36
0.41
0.42
0.43
0.41
0.45
0.46
0.45
0.45
0.38
0.47
0.45
0.43
0.42
0.40
0.40
0.41
0.40
0.43
0.41
0.36
0.31
0.34
0.25
0.31
0.31
0.35
0.34
0.31
0.35
0.30
0.36
0.39
0.40
0.38
0.32
0.35
0.34
0.35
0.37
0.30
0.37
0.41
0.39
0.38
0.35
0.34
0.37
0.31
0.33
0.37
0.39
0.39
0.41
0.48
0.55
0.55
0.55
0.61
0.58
0.56
0.58
0.55
0.58
0.54
0.51
0.56
0.57
0.54
0.60
0.63
0.71
0.74
0.73
0.68
0.65
0.66
0.71
0.71
0.76
0.69
0.66
0.67
0.63
0.66
0.65
0.72
0.66
0.74
0.79
0.77
0.89
0.83
0.92
1.00
0.96
0.99
0.93
1.06
1.12
1.10
1.14
1.09
1.22
1.16
1.19
1.08
1.20
1.17
1.25
1.25
1.23
1.18
1.15
1.23
1.24
1.22
1.21
1.26
1.18
1.28
1.16
1.20
1.12
1.24
1.21
1.16
1.28
1.33
1.28
1.40
1.35
1.39
1.38
1.38
1.32
1.37
1.25
1.31
1.27
1.32
1.45
1.39
1.44
1.41
1.39
1.35
1.44
1.39
1.43
1.42
1.53
1.45
1.46
1.62
1.69
1.70
1.73
1.65
1.82
1.74
1.77
1.68
1.73
1.74
1.75
1.74
1.75
1.74
1.82
1.80
1.85
1.80
1.94
1.97
1.99
2.03
1.91
1.77
1.69
1.85
1.87
1.89
2.00
2.02
2.00
1.87
1.85
1.91
1.89
1.92
1.88
1.95
1.84
1.84
1.90
1.91
1.87
1.98
2.06
2.04
1.99
2.00
1.97
2.11
2.21
2.20
2.36
2.24
2.33
2.30
2.36
2.37
2.47
2.47
2.29
2.39
2.44
2.56
2.67
2.60
2.67
2.60
2.75
2.77
2.89
2.78
2.89
2.93
2.87
2.95
2.94
2.79
2.94
3.00
2.83
2.94
2.88
2.85
3.09
3.01
3.09
3.14
3.12
3.27
3.16
3.24
3.26
3.35
3.38
3.38
3.27
3.40
3.39
3.42
3.45
3.36
3.37
3.43
3.40
3.43
3.43
3.45
3.45
3.42
3.41
3.48
3.43
3.40
3.46
3.44
3.51
3.54
3.59
3.50
3.55
3.43
3.54
3.51
3.40
3.43
3.41
3.47
3.57
3.56
3.61
3.54
3.64
3.63
3.68
3.76
3.80
3.81
3.81
3.78
3.83
3.85
3.87
3.97
3.90
3.98
3.89
3.94
3.94
3.98
3.99
3.98
3.96
4.04
3.96
3.90
4.07
4.15
4.16
4.15
4.13
4.10
4.11
4.04
4.08
4.02
4.02
4.03
3.97
4.07
4.18
4.13
4.15
4.18
4.24
4.21
4.31
4.34
4.31
4.23
4.39
4.34
4.52
4.40
4.34
4.19
4.27
4.18
4.30
4.35
4.45
4.53
4.62
4.55
4.56
4.61
4.63
4.58
4.60
4.52
4.59
4.64
4.55
4.57
4.61
4.49
4.58
4.57
4.49
4.64
4.50
4.51
4.49
4.49
4.55
4.51
4.66
4.64
4.61
4.75
4.71
4.75
4.63
4.84
4.89
4.86
4.93
4.99
5.00
5.05
5.12
5.08
5.15
5.19
5.11
5.05
5.08
5.09
5.08
5.18
5.03
5.10
5.10
5.04
5.23
5.09
5.16
5.17
5.13
5.21
5.11
5.26
5.21
5.19
5.25
5.18
5.17
5.22
5.32
5.30
5.46
5.45
5.47
5.54
5.48
5.52
5.49
5.61
5.63
5.59
5.55
5.60
5.56
5.67
5.63
5.64
5.74
5.73
5.72
5.79
5.77
5.71
5.67
5.63
5.68
5.64
5.70
5.67
5.70
5.67
5.63
5.65
5.63
5.63
5.73
5.73
5.72
5.73
5.72
5.75
5.71
5.71
5.71
5.74
5.78
5.79
5.73
5.76
5.76
5.69
5.76
5.73
5.80
5.81
5.85
5.84
5.87
5.85
5.95
5.88
5.87
5.82
5.82
5.89
5.88
5.83
5.90
5.89
5.87
5.78
5.82
5.83
5.78
5.80
5.83
5.81
5.89
5.75
5.88
5.91
5.92
5.90
5.99
6.04
6.03
6.05
6.03
6.09
6.14
6.12
6.14
6.10
6.07
6.17
6.15
6.08
6.11
6.19
6.15
6.07
6.17
6.14
6.14
6.06
6.14
6.09
6.14
6.17
6.15
6.12
6.15
6.13
6.11
6.08
6.09
6.15
6.14
6.17
6.20
6.21
6.18
6.20
6.16
6.19
6.25
6.24
6.21
6.23
6.29
6.26
6.28
6.28
6.26
6.34
6.33
6.30
6.33
6.31
6.34
6.31
6.29
6.25
6.31
6.26
6.29
6.28
6.28
6.32
6.27
6.25
6.27
6.27
6.30
6.28
6.39
6.37
6.34
6.26
6.32
6.28
6.32
6.32
6.28
6.34
6.30
6.37
6.37
6.33
6.29
6.29
6.27
6.33
6.40
6.35
6.37
6.36
6.38
6.40
6.40
6.51
6.50
6.52
6.48
6.45
6.57
6.55
6.61
6.62
6.62
6.66
6.59
6.58
6.58
6.56
6.62
6.56
6.58
6.63
6.61
6.66
6.66
6.65
6.68
6.69
6.66
6.72
6.68
6.76
6.70
6.76
6.76
6.72
6.75
6.74
6.81
6.75
6.73
6.79
6.80
6.78
6.73
6.71
6.73
6.75
6.82
6.82
6.79
6.75
6.78
6.79
6.74
6.77
6.73
6.79
6.76
6.76
6.69
6.66
6.65
6.71
6.74
6.67
6.59
6.58
6.53
6.56
6.53
6.52
6.53
6.47
6.46
6.58
6.57
6.58
6.60
6.58
6.61
6.57
6.56
6.52
6.55
6.56
6.59
6.59
6.56
6.55
6.55
6.53
6.57
6.53
6.59
6.57
6.53
6.57
6.56
6.61
6.51
6.56
6.55
6.56
6.56
6.60
6.56
6.59
6.57
6.57
6.57
6.58
6.63
6.64
6.67
6.64
6.60
6.58
6.65
6.75
6.76
6.84
6.82
6.77
6.76
6.74
6.67
6.78
6.75
6.74
6.74
6.75
6.78
6.87
6.92
6.88
6.91
6.89
6.88
6.95
6.98
6.94
7.03
7.01
6.98
7.08
7.09
7.02
7.09
7.09
7.08
7.09
7.01
7.09
7.10
7.07
7.08
7.14
7.23
7.22
7.29
7.36
7.27
7.28
7.30
7.28
7.41
7.41
7.36
7.42
7.39
7.51
7.42
7.49
7.54
7.54
7.53
7.55
7.55
7.51
7.55
7.57
7.59
7.60
7.60
7.60
7.61
7.60
7.68
7.70
7.74
7.72
7.72
7.62
7.72
7.69
7.68
7.70
7.77
7.73
7.73
7.74
7.65
7.65
7.73
7.68
7.74
7.67
7.77
7.74
7.74
7.76
7.76
7.76
7.83
7.76
7.75
7.80
7.86
7.82
7.85
7.80
7.82
7.82
7.83
7.80
7.79
7.82
7.84
7.81
7.87
7.89
7.87
7.82
7.87
7.88
7.88
7.87
7.76
7.80
7.75
7.71
7.64
7.78
7.82
7.80
7.77
7.74
7.75
7.68
7.74
7.79
7.81
7.80
7.84
7.81
7.81
7.82
7.76
7.83
7.86
7.73
7.81
7.75
7.82
7.85
7.80
7.90
7.81
7.86
7.99
7.87
7.93
7.94
7.94
7.92
7.95
8.04
7.96
7.96
7.98
7.90
8.05
8.05
8.09
8.01
8.01
8.00
7.92
7.98
8.07
8.08
8.06
8.11
8.06
8.10
8.11
8.14
8.15
8.13
8.29
8.24
8.21
8.22
8.22
8.23
8.34
8.32
8.28
8.27
8.28
8.23
8.27
8.35
8.28
8.31
8.23
8.25
8.25
8.22
8.31
8.14
8.12
8.32
8.22
8.28
8.24
8.30
8.24
8.24
8.18
8.09
8.11
8.14
8.04
8.04
8.13
8.17
8.16
8.22
8.27
8.30
8.25
8.23
8.15
8.18
8.30
8.36
8.38
8.36
8.35
8.28
8.29
8.46
8.34
8.23
8.36
8.24
8.27
8.23
8.22
8.28
8.32
8.31
8.18
8.30
8.38
8.28
8.48
8.34
8.38
8.43
8.47
8.28
8.38
8.33
8.50
8.46
8.32
8.42
8.33
8.34
8.30
8.19
8.26
8.40
8.37
8.30
8.46
8.36
8.47
8.29
8.31
8.20
8.26
8.25
8.21
8.15
8.12
8.13
8.28
8.23
8.29
8.45
8.41
8.36
8.43
8.45
8.39
8.46
8.46
8.45
8.59
8.65
8.67
8.67
8.66
8.73
8.72
8.75
8.64
8.62
8.63
8.70
8.73
8.61
8.65
8.78
8.80
8.93
8.86
8.89
8.87
8.92
8.87
8.85
8.80
8.97
9.04
9.04
9.10
9.16
9.18
9.10
9.23
9.13
9.03
9.18
9.06
9.16
9.14
9.02
9.17
9.09
9.15
9.07
9.22
9.14
9.27
9.25
9.25
9.36
9.46
9.42
9.44
9.44
9.39
9.48
9.51
9.34
9.34
9.38
9.31
9.36
9.33
9.47
9.38
9.29
9.53
9.61
9.52
9.48
9.38
9.43
9.54
9.44
9.39
9.34
9.30
9.45
9.51
9.35
9.56
9.44
9.36
9.41
9.13
9.27
9.21
9.28
9.19
9.27
9.16
9.23
9.18
9.17
9.27
9.13
9.08
9.26
9.23
9.22
9.24
9.28
9.09
9.28
9.27
9.37
9.27
9.39
9.22
9.30
9.32
9.39
9.29
9.38
9.25
9.29
9.18
9.27
9.33
9.25
9.37
9.36
9.28
9.27
9.36
9.28
9.19
9.26
9.34
9.38
9.44
9.49
9.47
9.27
9.29
9.33
9.30
9.19
9.32
9.34
9.41
9.46
9.49
9.54
9.50
9.63
9.48
9.49
9.42
9.41
9.46
9.38
9.32
9.36
9.34
9.54
9.40
9.33
9.42
9.20
9.34
9.16
9.34
9.24
9.22
9.22
9.28
9.20
9.16
9.17
9.09
9.15
9.13
9.16
9.15
9.18
9.13
9.13
9.09
9.22
9.06
9.11
9.14
9.15
9.11
9.02
9.00
9.01
9.03
8.98
8.95
8.91
8.96
8.99
8.93
8.96
8.92
8.93
8.85
8.95
8.93
8.97
9.06
9.16
9.16
9.26
9.20
9.18
9.23
9.35
9.35
9.35
9.46
9.41
9.20
9.26
9.32
9.16
9.25
9.35
9.41
9.26
9.42
9.25
9.28
9.44
9.37
9.36
9.30
9.18
9.16
9.26
9.30
9.18
9.31
9.34
9.35
9.28
9.29
9.38
9.34
9.43
9.38
9.24
9.28
9.34
9.23
9.22
9.24
9.11
9.20
9.13
9.21
9.24
9.21
9.10
9.18
9.18
9.24
9.20
9.35
9.31
9.27
9.13
9.12
9.25
9.24
9.20
9.10
9.15
9.13
9.09
9.11
9.14
9.01
9.13
9.16
9.17
9.15
9.07
9.16
9.15
9.17
9.20
9.25
9.20
9.32
9.38
9.31
9.21
9.27
9.28
9.23
9.28
9.20
9.37
9.31
9.35
9.37
9.42
9.39
9.42
9.32
9.37
9.34
9.27
9.35
9.28
9.21
9.37
9.31
9.27
9.31
9.18
9.32
9.32
9.21
9.22
9.30
9.25
9.38
9.24
9.35
9.34
9.28
9.42
9.44
9.48
9.49
9.61
9.44
9.39
9.49
9.35
9.42
9.55
9.67
9.61
9.71
9.80
9.71
9.75
9.74
9.70
9.65
9.57
9.65
9.61
9.60
9.60
9.45
9.55
9.58
9.66
9.72
9.66
9.67
9.62
9.70
9.75
9.84
9.61
9.88
9.97
0.00
-0.00
-0.00
0.00
0.01
0.00
0.00
0.02
0.01
-0.01
-0.01
0.01
0.01
0.00
0.01
0.00
0.00
0.01
0.01
0.00
0.00
0.01
0.01
0.01
0.01
0.01
0.01
0.02
0.01
0.01
-0.00
0.01
0.01
0.01
-0.00
-0.00
-0.01
-0.02
-0.00
-0.01
0.00
-0.00
-0.01
0.00
-0.01
-0.01
-0.01
0.01
0.03
0.05
0.03
0.03
0.04
0.05
0.05
0.06
0.05
0.06
0.06
0.05
0.06
0.07
0.06
0.11
0.09
0.07
0.07
0.09
0.06
0.06
0.04
0.03
0.06
0.06
0.07
0.09
0.07
0.08
0.08
0.06
0.09
0.06
0.07
0.08
0.05
0.03
0.05
0.03
0.06
0.05
0.05
0.03
0.04
0.04
0.03
0.06
0.09
0.07
0.04
0.01
0.02
0.04
0.03
0.04
0.03
0.05
0.01
0.03
0.07
0.03
0.03
0.01
0.04
0.01
0.07
0.10
0.10
0.08
0.13
0.08
0.09
0.04
0.03
0.05
0.04
0.07
0.02
-0.01
-0.04
-0.02
-0.03
0.00
-0.01
0.03
0.01
0.03
0.09
0.04
0.09
0.08
0.06
0.03
0.01
0.06
0.01
0.05
0.04
0.01
-0.04
-0.03
-0.02
-0.00
-0.02
0.01
-0.02
0.04
0.05
0.09
0.06
0.11
0.08
0.14
0.11
0.08
0.07
0.10
0.10
0.06
0.06
0.07
0.14
0.17
0.17
0.16
0.20
0.24
0.26
0.20
0.27
0.31
0.24
0.32
0.28
0.32
0.31
0.25
0.28
0.20
0.27
0.25
0.29
0.31
0.38
0.34
0.42
0.39
0.30
0.34
0.39
0.35
0.33
0.44
0.43
0.42
0.42
0.46
0.50
0.58
0.57
0.57
0.60
0.59
0.58
0.56
0.55
0.59
0.61
0.53
0.51
0.50
0.53
0.55
0.60
0.59
0.61
0.56
0.59
0.66
0.67
0.57
0.67
0.66
0.71
0.69
0.77
0.72
0.81
0.81
0.75
0.71
0.73
0.81
0.87
0.90
0.95
0.92
0.72
0.71
0.72
0.85
0.86
0.85
0.94
0.87
0.92
0.97
1.00
0.92
0.98
1.05
1.09
1.01
1.12
1.07
1.20
1.25
1.13
1.24
1.23
1.28
1.25
1.32
1.35
1.45
1.46
1.44
1.40
1.53
1.54
1.60
1.71
1.72
1.82
1.73
1.84
1.80
1.68
1.87
1.82
1.86
1.92
1.84
1.83
1.86
1.84
1.98
2.00
2.02
2.12
2.12
2.14
2.20
2.16
2.18
2.20
2.21
2.21
2.19
2.27
2.34
2.27
2.30
2.30
2.47
2.53
2.71
2.74
2.69
2.74
2.73
2.67
2.81
2.71
2.88
2.83
3.06
3.13
3.01
3.07
3.15
3.16
3.18
3.18
3.30
3.34
3.38
3.34
3.30
3.42
3.47
3.46
3.62
3.56
3.47
3.50
3.58
3.59
3.60
3.75
3.89
3.85
3.91
3.79
3.81
3.79
3.82
3.94
3.94
3.88
3.78
3.91
3.94
3.88
4.05
3.90
3.91
4.05
3.95
3.98
4.17
3.96
4.08
4.19
4.25
4.33
4.36
4.27
4.42
4.28
4.50
4.42
4.41
4.57
4.54
4.65
4.70
4.61
4.64
4.74
4.84
4.70
4.87
4.91
5.02
4.97
4.88
4.92
4.86
4.80
4.93
4.77
4.96
4.92
5.02
5.07
5.10
4.95
5.00
5.08
5.23
5.12
5.15
5.14
5.12
5.28
5.24
5.25
5.22
5.22
5.47
5.37
5.46
5.59
5.51
5.50
5.59
5.57
5.55
5.54
5.55
5.55
5.58
5.50
5.75
5.85
5.63
5.67
5.80
5.87
5.99
5.81
6.10
6.08
6.13
6.08
6.10
6.07
6.10
6.14
6.23
6.21
6.24
6.24
6.16
6.24
6.16
6.13
6.17
6.17
6.14
6.26
6.18
6.20
6.15
6.14
6.12
6.23
6.22
6.24
6.19
6.27
6.31
6.21
6.12
6.17
6.27
6.32
6.22
6.24
6.37
6.36
6.38
6.43
6.50
6.51
6.50
6.46
6.51
6.56
6.48
6.52
6.50
6.67
6.65
6.64
6.64
6.63
6.64
6.67
6.56
6.57
6.64
6.51
6.56
6.60
6.64
6.63
6.72
6.68
6.73
6.80
6.85
6.86
6.93
6.94
6.90
6.78
6.76
6.82
6.91
6.90
6.91
6.87
6.94
7.00
6.98
6.84
6.83
6.97
6.96
6.90
6.94
7.03
6.97
6.99
6.97
6.97
6.97
6.94
6.99
7.06
6.95
6.88
6.90
6.85
7.01
6.94
7.01
6.92
6.98
7.04
6.92
6.96
6.86
6.96
7.08
7.00
7.00
7.02
7.05
6.99
7.04
7.03
6.96
6.97
7.02
6.91
6.98
6.99
7.04
7.09
7.08
7.08
7.13
7.19
7.12
7.13
7.19
7.27
7.22
7.17
7.19
7.22
7.26
7.30
7.28
7.15
7.18
7.20
7.25
7.28
7.23
7.31
7.27
7.24
7.31
7.25
7.29
7.26
7.26
7.13
7.18
7.11
7.19
7.15
7.22
7.29
7.26
7.28
7.23
7.28
7.26
7.24
7.30
7.30
7.35
7.35
7.36
7.30
7.24
7.39
7.31
7.36
7.36
7.45
7.50
7.48
7.57
7.54
7.52
7.57
7.61
7.61
7.61
7.55
7.62
7.67
7.68
7.65
7.62
7.60
7.63
7.60
7.65
7.60
7.73
7.67
7.70
7.70
7.71
7.71
7.68
7.72
7.70
7.71
7.64
7.65
7.65
7.60
7.67
7.62
7.65
7.61
7.60
7.63
7.62
7.63
7.65
7.67
7.67
7.67
7.65
7.71
7.72
7.72
7.69
7.68
7.63
7.63
7.65
7.67
7.65
7.64
7.66
7.65
7.64
7.66
7.62
7.67
7.69
7.70
7.76
7.79
7.79
7.80
7.85
7.76
7.82
7.83
7.80
7.80
7.80
7.79
7.82
7.82
7.74
7.78
7.81
7.78
7.76
7.78
7.83
7.88
7.89
7.90
7.88
7.89
7.93
7.93
7.94
7.95
7.94
7.99
7.93
7.96
7.97
7.94
7.96
7.99
7.98
8.01
8.01
8.03
8.06
8.04
8.05
8.08
8.14
8.10
8.10
8.07
8.08
8.11
8.13
8.11
8.10
8.11
8.10
8.08
8.07
8.03
8.02
8.05
8.04
8.02
8.01
8.00
8.02
8.03
8.02
7.98
8.03
8.06
8.03
8.06
8.04
8.00
8.01
8.00
7.98
7.96
7.98
7.96
7.96
7.95
7.96
7.95
7.94
7.99
7.96
7.97
7.99
8.00
8.00
8.02
8.03
7.98
8.00
8.04
8.04
8.05
8.00
7.98
8.00
8.04
8.00
8.01
8.00
7.98
7.96
7.99
7.97
8.02
7.98
8.01
7.96
7.96
7.93
7.93
7.96
7.89
7.91
7.93
7.90
7.94
7.89
7.92
7.89
7.90
7.91
7.92
7.88
7.84
7.84
7.83
7.83
7.81
7.83
7.81
7.83
7.85
7.92
7.85
7.92
7.94
7.90
7.88
7.93
7.87
7.91
7.88
7.87
7.85
7.88
7.86
7.90
7.83
7.87
7.87
7.82
7.86
7.89
7.87
7.89
7.89
7.91
7.90
7.89
7.89
7.87
7.86
7.94
7.95
7.98
7.95
7.94
7.96
8.01
8.00
8.05
8.06
7.97
8.00
8.02
8.03
7.96
8.00
7.99
8.00
7.99
8.01
7.95
8.04
8.01
8.02
7.98
7.90
7.93
7.88
8.00
8.04
8.08
8.01
8.00
7.97
8.00
7.96
7.97
7.91
8.00
7.98
7.95
7.91
7.92
7.95
7.89
7.89
7.96
7.91
7.98
8.02
8.01
8.05
8.07
8.20
8.08
8.19
8.18
8.21
8.19
8.22
8.13
8.20
8.15
8.17
8.17
8.22
8.19
8.24
8.21
8.29
8.30
8.33
8.37
8.36
8.42
8.41
8.36
8.32
8.31
8.30
8.27
8.28
8.35
8.32
8.31
8.37
8.34
8.32
8.28
8.31
8.31
8.26
8.23
8.26
8.27
8.31
8.36
8.28
8.39
8.38
8.45
8.46
8.44
8.46
8.45
8.51
8.49
8.43
8.46
8.44
8.51
8.54
8.50
8.53
8.57
8.51
8.49
8.44
8.50
8.42
8.44
8.43
8.37
8.39
8.38
8.40
8.38
8.42
8.39
8.38
8.42
8.36
8.36
8.41
8.42
8.42
8.44
8.50
8.46
8.37
8.43
8.45
8.48
8.44
8.48
8.62
8.59
8.61
8.62
8.54
8.55
8.53
8.60
8.54
8.58
8.57
8.57
8.55
8.64
8.60
8.62
8.68
8.68
8.63
8.58
8.56
8.47
8.48
8.43
8.45
8.44
8.34
8.39
8.44
8.39
8.41
8.35
8.32
8.36
8.36
8.43
8.41
8.44
8.43
8.44
8.33
8.35
8.28
8.26
8.21
8.29
8.23
8.29
8.22
8.21
8.18
8.17
8.12
8.13
8.16
8.18
8.08
8.22
8.20
8.17
8.15
8.22
8.16
8.27
8.08
8.08
8.20
8.10
8.15
8.09
8.13
8.16
8.16
8.16
8.12
8.18
8.17
8.18
8.09
8.10
8.09
8.05
7.99
7.97
8.04
8.20
8.20
8.25
8.24
8.26
8.26
8.31
8.37
8.31
8.35
8.38
8.31
8.30
8.32
8.35
8.36
8.28
8.33
8.41
8.37
8.39
8.40
8.38
8.37
8.28
8.30
8.35
8.35
8.42
8.38
8.39
8.34
8.35
8.37
8.43
8.52
8.50
8.46
8.49
8.44
8.31
8.39
8.42
8.39
8.41
8.45
8.35
8.39
8.35
8.31
8.31
8.26
8.20
8.26
8.24
8.28
8.28
8.26
8.24
8.30
8.27
8.34
8.31
8.27
8.30
8.25
8.28
8.24
8.25
8.28
8.26
8.33
8.28
8.30
8.34
8.33
8.33
8.34
8.26
8.28
8.28
8.34
8.40
8.38
8.35
8.38
8.36
8.40
8.28
8.34
8.38
8.36
8.41
8.41
8.43
8.38
8.42
8.33
8.35
8.45
8.36
8.41
8.38
8.38
8.43
8.36
8.44
8.43
8.47
8.39
8.41
8.38
8.32
8.35
8.32
8.33
8.34
8.31
8.34
8.35
8.38
8.38
8.34
8.36
8.40
8.37
8.34
8.38
8.39
8.44
8.36
8.43
8.43
8.43
8.44
8.42
8.38
8.41
8.42
8.39
8.41
8.40
8.44
8.47
8.46
8.43
8.44
8.44
8.46
8.48
8.48
8.46
8.46
8.46
8.43
8.42
8.41
8.42
8.41
8.46
8.41
8.41
8.40
8.43
8.40
8.40
8.39
8.40
8.41
8.38
8.39
8.42
8.42
8.38
8.39
8.40
8.37
8.34
8.39
8.34
8.38
8.34
8.33
8.32
8.27
8.27
8.35
8.28
8.29
8.34
8.37
8.36
8.30
8.35
8.36
8.35
8.35
8.34
8.36
8.31
8.34
8.31
8.28
8.27
8.27
8.24
8.30
8.30
8.34
8.36
8.38
8.31
8.36
8.40
8.42
8.38
8.41
8.41
8.38
8.42
8.45
8.44
8.42
8.44
8.43
8.45
8.43
8.43
8.44
8.46
8.51
8.54
8.50
8.56
8.55
8.50
8.52
8.48
8.50
8.53
8.61
8.58
8.61
8.62
8.56
8.65
8.59
8.65
8.61
8.60
8.63
8.63
8.66
8.63
8.66
8.65
8.61
8.62
8.73
8.70
8.72
8.68
8.72
8.70
8.67
8.71
8.69
8.67
8.68
8.69
8.67
8.70
8.68
8.65
8.68
8.68
8.72
8.70
8.68
8.65
8.68
8.65
8.64
8.64
8.63
8.61
8.59
8.59
8.64
8.60
8.68
8.66
8.68
8.68
8.66
8.71
8.64
8.65
8.68
8.69
8.65
8.67
8.68
8.70
8.70
8.79
8.74
8.78
8.79
8.75
8.75
8.77
8.78
8.68
8.78
8.79
8.82
8.82
8.84
8.80
8.81
8.82
8.72
8.79
8.77
8.76
8.81
8.83
8.82
8.89
8.87
8.88
8.86
8.89
8.89
8.97
8.90
8.94
8.86
8.98
8.92
8.94
8.92
9.00
9.03
9.09
9.01
8.97
9.00
8.97
8.98
8.91
8.96
8.92
8.91
8.89
8.87
8.89
8.83
8.90
8.93
8.91
8.96
8.92
8.86
8.92
8.91
8.96
8.84
8.90
8.87
8.90
8.92
8.93
8.96
8.98
8.98
8.91
8.98
8.96
8.98
8.97
8.96
8.89
8.95
8.95
8.97
9.03
8.97
8.97
9.00
9.01
9.02
9.05
9.01
9.00
9.01
8.93
8.94
8.92
8.97
8.95
8.91
8.95
9.01
9.05
8.95
8.97
8.99
8.96
8.96
8.97
9.00
8.96
9.01
9.05
9.04
9.04
9.07
9.09
9.07
9.10
9.08
9.21
9.24
9.19
9.20
9.19
9.18
9.16
9.19
9.17
9.11
9.08
9.08
9.02
9.00
9.01
9.03
9.06
9.02
9.05
9.07
9.04
9.06
9.01
9.06
9.08
8.94
9.00
8.94
9.02
8.99
9.03
9.07
9.05
9.10
9.15
9.17
9.12
9.23
9.20
9.29
9.28
9.28
9.29
9.20
9.19
9.18
9.14
9.28
9.26
9.26
9.24
9.25
9.35
9.31
9.31
9.32
9.31
9.16
9.17
9.08
9.11
9.10
9.11
9.11
9.06
9.10
9.07
9.09
9.02
9.04
9.00
9.00
9.03
8.97
8.99
9.00
9.04
8.93
9.00
9.03
8.96
9.04
8.95
8.88
8.87
8.96
9.08
9.04
9.12
8.98
9.02
9.03
9.04
9.08
9.13
9.16
9.05
9.04
8.98
9.05
8.97
9.01
8.94
8.94
8.94
8.99
9.09
9.08
9.03
9.02
8.88
8.90
8.96
8.99
9.01
8.96
9.02
8.93
8.98
9.02
8.94
8.89
8.95
9.02
8.96
8.78
8.83
8.81
8.86
8.91
8.80
8.87
8.93
8.84
8.87
8.87
8.94
8.85
8.90
8.85
8.83
8.80
8.83
8.83
8.79
8.83
8.82
8.77
8.91
8.88
8.95
8.87
8.94
8.80
8.84
8.78
8.75
8.77
8.77
8.84
8.82
8.97
8.88
8.86
8.91
8.96
8.94
8.97
8.91
8.86
8.90
8.99
8.85
8.93
8.89
8.92
9.01
9.09
9.14
9.07
9.18
9.23
9.21
9.30
9.34
9.27
9.24
9.22
9.26
9.22
9.29
9.25
9.23
9.24
9.27
9.28
9.32
9.22
9.27
9.14
9.20
9.23
9.13
9.22
9.09
9.09
9.06
9.09
9.10
9.12
9.14
9.14
9.10
9.36
9.37
9.21
9.18
9.29
9.27
9.26
9.37
9.35
9.37
9.34
9.34
9.44
9.24
9.27
9.31
9.25
9.32
9.36
9.34
9.31
9.30
9.44
9.48
9.54
9.59
9.52
9.53
9.48
9.41
9.48
9.38
9.45
9.53
9.43
9.44
9.49
9.45
9.64
9.53
9.51
9.53
9.55
9.57
9.59
9.73
9.64
9.65
9.83
9.80
9.84
9.85
9.76
9.64
9.82
9.74
9.68
9.72
9.69
9.70
9.66
9.50
9.63
9.66
9.57
9.60
9.68
9.65
9.65
9.60
9.69
9.65
9.52
9.66
9.57
9.55
9.63
9.59
9.64
9.60
9.61
9.58
9.52
9.50
9.48
9.49
9.53
9.53
9.51
9.44
9.43
9.37
9.49
9.39
9.46
9.47
9.58
9.57
9.46
9.51
9.51
9.58
9.46
9.45
9.50
9.46
9.37
9.42
9.33
9.44
9.42
9.47
9.45
9.52
9.51
9.62
9.56
9.55
9.69
9.74
9.66
9.62
9.68
9.61
9.62
9.63
9.70
9.71
9.68
9.62
9.59
9.54
9.54
9.43
9.47
9.50
9.52
9.44
9.50
9.60
9.48
9.62
9.51
9.51
9.46
9.59
9.51
9.52
9.53
9.53
9.46
9.47
9.40
9.37
9.34
9.31
9.35
9.34
9.45
9.40
9.47
9.56
9.57
9.59
9.61
9.57
9.63
9.64
9.64
9.68
9.65
9.64
9.61
9.65
9.70
9.67
9.68
9.73
9.66
9.60
9.69
9.70
9.63
9.76
9.79
9.65
9.64
9.71
9.54
9.62
9.58
9.54
9.63
9.63
9.54
9.56
9.67
9.54
9.63
9.67
9.61
9.64
9.68
9.67
9.75
9.65
9.74
9.72
9.69
9.66
9.64
9.67
9.70
9.77
9.79
9.75
9.78
9.82
9.89
9.85
9.84
9.81
9.86
9.84
9.83
9.81
9.83
9.88
9.87
9.84
9.79
9.73
9.78
9.79
9.67
9.78
9.72
9.77
9.73
9.74
9.79
9.78
9.79
9.77
9.80
9.75
9.81
9.83
9.78
9.83
9.86
9.85
9.85
9.85
9.83
9.81
9.81
9.85
9.81
9.85
9.82
9.83
9.85
9.79
9.73
9.79
9.77
9.72
9.65
9.72
9.68
9.71
9.68
9.73
9.69
9.77
9.68
9.60
9.60
9.65
9.67
9.60
9.60
9.57
9.58
9.56
9.55
9.60
9.53
9.55
9.54
9.50
9.54
9.54
9.60
9.52
9.44
9.46
9.45
9.39
9.35
9.32
9.42
9.42
9.44
9.37
9.43
9.43
9.35
9.42
9.39
9.42
9.45
9.42
9.40
9.43
9.36
9.39
9.35
9.39
9.40
9.41
9.42
9.41
9.36
9.44
9.44
9.46
9.53
9.50
9.50
9.53
9.52
9.57
9.49
9.49
9.54
9.55
9.60
9.66
9.60
9.65
9.66
9.69
9.60
9.61
9.58
9.57
9.54
9.51
9.51
9.47
9.52
9.57
9.47
9.55
9.59
9.51
9.55
9.54
9.56
9.51
9.51
9.50
9.44
9.57
9.43
9.41
9.43
9.40
9.33
9.33
9.35
9.34
9.34
9.33
9.30
9.30
9.32
9.35
9.30
9.29
9.32
9.34
9.38
9.37
9.36
9.39
9.36
9.38
9.42
9.40
9.45
9.41
9.42
9.45
9.42
9.40
9.39
9.45
9.45
9.42
9.45
9.47
9.42
9.42
9.42
9.38
9.41
9.38
9.37
9.40
9.31
9.34
9.32
9.39
9.37
9.39
9.43
9.42
9.45
9.43
9.43
9.48
9.49
9.51
9.51
9.47
9.48
9.52
9.53
9.53
9.46
9.48
9.52
9.55
9.50
9.48
9.54
9.51
9.56
9.47
9.44
9.48
9.47
9.46
9.51
9.48
9.47
9.50
9.46
9.49
9.45
9.53
9.47
9.51
9.49
9.44
9.48
9.49
9.44
9.44
9.45
9.40
9.40
9.45
9.42
9.43
9.50
9.49
9.59
9.53
9.58
9.48
9.48
9.48
9.49
9.46
9.42
9.55
9.54
9.52
9.54
9.52
9.42
9.37
9.43
9.41
9.42
9.37
9.41
9.40
9.41
9.44
9.38
9.41
9.50
9.42
9.43
9.42
9.49
9.46
9.45
9.39
9.37
9.48
9.47
9.45
9.47
9.45
9.54
9.57
9.55
9.52
9.51
9.57
9.51
9.57
9.56
9.59
9.59
9.64
9.73
9.69
9.64
9.67
9.66
9.62
9.64
9.65
9.57
9.52
9.52
9.49
9.54
9.58
9.66
9.53
9.63
9.58
9.61
9.65
9.62
9.66
9.78
9.72
9.76
9.85
9.71
9.77
9.78
9.73
9.73
9.79
9.74
9.72
9.72
9.78
9.83
9.82
9.82
9.87
9.82
9.79
9.85
9.90
9.83
9.79
9.90
9.96
0.00
-0.00
0.00
0.00
0.00
-0.00
0.00
0.00
0.02
0.01
0.01
0.01
0.01
0.01
0.01
0.00
0.03
0.00
0.01
-0.01
-0.01
0.00
-0.02
-0.02
-0.01
-0.01
-0.01
-0.03
-0.02
-0.03
-0.01
-0.02
-0.02
-0.02
-0.04
-0.02
-0.03
-0.03
-0.03
-0.01
-0.01
-0.01
-0.01
0.01
0.01
0.01
-0.01
0.02
0.03
0.03
0.03
0.06
0.03
0.06
0.05
0.07
0.07
0.09
0.06
0.07
0.06
0.06
0.11
0.10
0.07
0.07
0.06
0.04
0.03
0.03
0.04
0.02
0.04
0.03
0.03
0.01
0.02
0.01
0.01
0.02
0.03
0.03
0.02
0.03
0.03
0.06
0.04
0.05
0.06
0.04
0.02
0.04
0.03
0.03
0.03
0.04
0.06
0.06
0.06
0.05
0.08
0.08
0.10
0.08
0.08
0.06
0.06
0.08
0.06
0.06
0.04
0.05
0.03
0.05
0.04
0.05
0.04
0.04
0.05
0.04
0.04
0.03
0.05
0.05
0.09
0.07
0.05
0.03
0.02
0.02
0.04
0.02
-0.00
0.01
-0.01
-0.00
0.00
0.01
0.00
0.01
-0.00
0.02
0.01
0.01
0.00
0.00
0.02
0.00
0.01
0.02
0.01
0.01
-0.01
-0.01
0.01
0.01
0.01
0.01
0.01
0.02
0.00
0.01
0.00
0.02
0.04
0.03
0.02
0.01
0.03
0.01
0.02
0.01
0.05
0.04
0.04
0.04
0.03
0.04
0.05
0.02
0.00
0.00
-0.03
-0.00
-0.01
-0.00
0.02
-0.00
-0.00
-0.00
0.01
0.01
-0.00
0.00
-0.00
0.01
-0.00
-0.01
0.00
-0.02
-0.05
-0.06
-0.03
-0.04
-0.04
-0.03
-0.02
-0.03
-0.00
0.01
-0.00
0.04
0.05
0.03
0.06
0.03
0.07
0.09
0.08
0.09
0.07
0.06
0.05
0.07
0.12
0.09
0.15
0.13
0.14
0.13
0.12
0.10
0.11
0.13
0.08
0.08
0.11
0.07
0.06
0.06
0.05
0.07
0.07
0.07
0.07
0.05
0.06
0.07
0.04
0.05
0.03
0.06
0.07
0.08
0.05
0.06
0.10
0.10
0.08
0.04
0.04
0.06
0.07
0.09
0.07
0.06
0.04
0.01
0.01
0.02
0.03
0.03
0.03
0.06
0.05
0.07
0.03
0.07
0.07
0.06
0.05
0.05
0.07
0.08
0.10
0.09
0.12
0.14
0.12
0.13
0.17
0.15
0.17
0.19
0.17
0.18
0.15
0.21
0.18
0.19
0.24
0.24
0.27
0.24
0.31
0.27
0.29
0.30
0.35
0.34
0.35
0.32
0.30
0.31
0.34
0.30
0.31
0.33
0.34
0.30
0.35
0.27
0.29
0.34
0.33
0.35
0.34
0.38
0.36
0.33
0.34
0.35
0.39
0.43
0.45
0.42
0.47
0.45
0.42
0.44
0.43
0.47
0.48
0.47
0.47
0.51
0.44
0.47
0.48
0.39
0.45
0.47
0.43
0.45
0.44
0.48
0.50
0.52
0.48
0.48
0.46
0.47
0.45
0.41
0.39
0.41
0.45
0.42
0.47
0.46
0.45
0.49
0.48
0.47
0.42
0.47
0.50
0.46
0.50
0.52
0.51
0.48
0.48
0.54
0.54
0.58
0.57
0.53
0.52
0.58
0.56
0.58
0.58
0.55
0.56
0.57
0.57
0.56
0.54
0.56
0.50
0.53
0.53
0.50
0.49
0.50
0.43
0.50
0.52
0.44
0.40
0.41
0.43
0.40
0.35
0.37
0.32
0.27
0.27
0.27
0.29
0.33
0.29
0.28
0.23
0.19
0.20
0.19
0.12
0.08
0.04
0.09
0.05
0.06
0.12
0.11
0.07
0.02
0.10
0.05
0.04
0.10
0.10
0.07
0.08
0.06
0.05
0.06
0.03
0.11
0.13
0.11
0.16
0.18
0.19
0.17
0.15
0.16
0.17
0.20
0.14
0.06
0.08
0.04
0.05
0.00
-0.01
-0.02
-0.02
0.03
0.04
0.09
0.12
0.08
0.10
0.06
0.01
0.04
0.05
0.02
0.03
-0.01
-0.01
0.04
0.02
0.03
-0.03
0.02
0.09
0.12
0.11
0.06
0.00
0.05
0.14
0.07
0.08
0.06
0.16
0.20
0.14
0.21
0.13
0.16
0.14
0.07
0.03
0.07
0.06
0.07
0.03
0.12
0.06
0.03
0.10
0.04
0.00
0.03
0.00
0.05
0.04
0.04
0.06
0.05
0.14
0.12
0.16
0.15
0.18
0.27
0.31
0.34
0.27
0.30
0.29
0.32
0.29
0.23
0.17
0.17
0.16
0.18
0.14
0.13
0.17
0.19
0.13
0.12
0.22
0.21
0.27
0.25
0.29
0.29
0.32
0.29
0.29
0.31
0.36
0.37
0.39
0.38
0.39
0.39
0.48
0.41
0.44
0.47
0.49
0.51
0.53
0.43
0.46
0.43
0.44
0.45
0.43
0.50
0.45
0.50
0.38
0.42
0.35
0.42
0.45
0.48
0.48
0.40
0.38
0.46
0.38
0.41
0.36
0.39
0.40
0.38
0.38
0.44
0.46
0.43
0.39
0.41
0.38
0.32
0.34
0.38
0.33
0.35
0.28
0.30
0.32
0.36
0.31
0.22
0.29
0.19
0.25
0.28
0.21
0.22
0.21
0.12
0.16
0.16
0.13
0.10
0.13
0.14
0.13
0.20
0.18
0.11
0.20
0.12
0.12
0.05
0.11
0.06
0.11
0.11
0.14
0.14
0.20
0.23
0.22
0.22
0.19
0.30
0.28
0.28
0.27
0.33
0.33
0.35
0.38
0.41
0.42
0.42
0.46
0.48
0.46
0.55
0.52
0.54
0.62
0.53
0.68
0.53
0.59
0.56
0.52
0.47
0.58
0.54
0.57
0.53
0.52
0.45
0.55
0.49
0.52
0.55
0.48
0.46
0.44
0.44
0.49
0.56
0.48
0.44
0.43
0.27
0.37
0.33
0.36
0.49
0.45
0.53
0.49
0.63
0.62
0.67
0.66
0.53
0.51
0.55
0.66
0.65
0.60
0.79
0.80
0.77
0.87
0.88
0.83
0.87
0.85
0.95
0.95
0.99
1.03
1.13
1.22
1.24
1.13
1.23
1.33
1.28
1.29
1.39
1.49
1.52
1.49
1.53
1.51
1.42
1.46
1.38
1.40
1.44
1.25
1.44
1.40
1.38
1.33
1.51
1.54
1.57
1.60
1.43
1.46
1.48
1.31
1.30
1.35
1.51
1.51
1.52
1.42
1.39
1.41
1.45
1.37
1.42
1.42
1.48
1.50
1.43
1.50
1.48
1.40
1.41
1.54
1.56
1.65
1.78
1.75
1.69
1.62
1.74
1.71
1.65
1.77
1.76
1.80
1.82
1.80
1.66
1.83
1.76
1.86
1.79
1.99
2.08
2.13
2.04
2.11
2.25
2.30
2.23
2.34
2.44
2.52
2.36
2.38
2.26
2.31
2.44
2.37
2.25
2.28
2.47
2.47
2.54
2.60
2.57
2.60
2.53
2.59
2.43
2.41
2.62
2.63
2.71
2.67
2.69
2.67
2.92
2.92
2.83
2.74
2.83
2.85
2.94
2.99
2.81
3.00
2.92
3.06
3.06
3.04
3.05
3.02
2.87
2.90
2.92
3.03
2.91
3.03
2.98
2.98
2.96
3.01
3.01
3.11
3.12
3.29
3.22
3.29
3.27
3.36
3.15
3.07
3.21
3.32
3.39
3.45
3.58
3.55
3.60
3.44
3.43
3.50
3.60
3.64
3.73
3.72
3.77
3.80
3.87
3.80
3.84
3.89
3.98
4.03
4.02
4.00
4.00
4.02
4.00
4.11
4.00
4.01
3.94
4.13
4.09
4.11
4.01
4.15
3.99
4.19
4.21
4.15
4.21
4.24
4.16
4.18
4.31
4.27
4.32
4.51
4.43
4.45
4.44
4.33
4.49
4.46
4.56
4.41
4.47
4.37
4.43
4.47
4.51
4.39
4.40
4.31
4.35
4.44
4.35
4.26
4.21
4.26
4.33
4.32
4.35
4.28
4.34
4.27
4.28
4.31
4.34
4.29
4.29
4.25
4.21
4.31
4.39
4.41
4.31
4.37
4.31
4.39
4.34
4.40
4.42
4.42
4.41
4.35
4.36
4.38
4.43
4.41
4.38
4.30
4.33
4.38
4.29
4.33
4.28
4.28
4.37
4.38
4.46
4.52
4.47
4.52
4.52
4.53
4.47
4.44
4.53
4.48
4.59
4.56
4.57
4.65
4.66
4.64
4.67
4.68
4.64
4.67
4.71
4.64
4.68
4.63
4.68
4.54
4.66
4.63
4.70
4.70
4.77
4.79
4.81
4.78
4.82
4.91
4.97
4.93
4.92
4.99
4.84
4.89
4.99
4.98
4.88
4.91
4.92
4.91
4.99
4.87
4.84
4.84
4.90
4.87
4.90
4.92
4.92
4.94
4.94
4.93
5.03
5.01
5.01
5.10
5.12
5.22
5.20
5.17
5.16
5.22
5.15
5.22
5.24
5.23
5.25
5.23
5.28
5.17
5.19
5.24
5.28
5.22
5.24
5.32
5.17
5.23
5.22
5.22
5.28
5.25
5.26
5.28
5.30
5.20
5.13
5.16
5.09
5.03
5.07
5.15
5.19
5.23
5.16
5.29
5.24
5.29
5.24
5.24
5.23
5.31
5.22
5.19
5.21
5.19
5.21
5.28
5.19
5.26
5.38
5.32
5.31
5.28
5.25
5.28
5.29
5.43
5.35
5.36
5.43
5.35
5.32
5.39
5.53
5.44
5.46
5.48
5.57
5.46
5.47
5.39
5.49
5.47
5.47
5.52
5.44
5.48
5.53
5.59
5.61
5.66
5.69
5.58
5.62
5.61
5.68
5.59
5.62
5.61
5.62
5.60
5.58
5.67
5.53
5.52
5.53
5.51
5.66
5.70
5.64
5.60
5.51
5.61
5.63
5.55
5.60
5.57
5.52
5.57
5.56
5.50
5.51
5.46
5.55
5.63
5.53
5.49
5.50
5.51
5.50
5.53
5.59
5.58
5.61
5.64
5.63
5.63
5.53
5.66
5.62
5.57
5.56
5.58
5.61
5.66
5.61
5.67
5.65
5.77
5.68
5.77
5.70
5.75
5.74
5.72
5.73
5.73
5.81
5.94
5.74
5.70
5.75
5.85
5.80
5.87
5.82
5.95
5.92
5.99
5.94
5.94
5.92
5.94
6.00
5.97
6.04
6.05
6.04
6.05
6.07
6.08
6.14
6.08
6.06
6.10
6.02
6.05
6.01
6.12
6.11
6.20
6.12
6.17
6.20
6.19
6.11
6.15
6.22
6.25
6.16
6.26
6.30
6.14
6.17
6.24
6.24
6.29
6.28
6.28
6.24
6.28
6.30
6.28
6.35
6.37
6.36
6.28
6.33
6.31
6.37
6.44
6.40
6.51
6.44
6.45
6.46
6.39
6.40
6.35
6.39
6.36
6.36
6.33
6.28
6.30
6.34
6.31
6.35
6.34
6.34
6.25
6.26
6.27
6.35
6.31
6.29
6.35
6.42
6.42
6.46
6.49
6.49
6.55
6.58
6.64
6.58
6.59
6.65
6.69
6.62
6.65
6.67
6.57
6.62
6.57
6.64
6.53
6.53
6.51
6.55
6.61
6.63
6.62
6.64
6.54
6.66
6.60
6.61
6.62
6.69
6.60
6.72
6.72
6.69
6.79
6.87
6.90
6.85
6.81
6.80
6.78
6.72
6.83
6.82
6.82
6.89
6.92
6.86
6.92
6.91
6.88
6.78
6.82
7.02
6.95
7.02
7.03
6.95
6.99
7.05
7.05
6.96
7.09
7.12
7.18
7.13
7.16
7.08
7.14
7.16
7.14
7.13
7.15
7.13
7.21
7.14
7.12
7.13
7.08
7.12
7.13
7.11
7.14
7.20
7.19
7.23
7.17
7.22
7.19
7.12
7.21
7.17
7.22
7.27
7.32
7.31
7.24
7.27
7.26
7.28
7.22
7.20
7.25
7.32
7.39
7.41
7.45
7.33
7.36
7.37
7.41
7.41
7.35
7.48
7.48
7.43
7.44
7.52
7.43
7.43
7.39
7.43
7.42
7.52
7.46
7.48
7.48
7.52
7.48
7.53
7.55
7.52
7.63
7.67
7.60
7.66
7.65
7.72
7.68
7.73
7.71
7.71
7.74
7.77
7.76
7.70
7.65
7.62
7.62
7.64
7.61
7.60
7.74
7.67
7.71
7.69
7.78
7.73
7.78
7.74
7.75
7.81
7.69
7.76
7.72
7.75
7.77
7.86
7.88
7.95
7.83
7.86
7.84
7.84
7.87
7.87
7.94
8.04
8.08
8.07
8.06
8.12
8.15
8.14
8.15
8.28
8.25
8.16
8.28
8.27
8.21
8.20
8.16
8.15
8.18
8.23
8.16
8.15
8.16
8.16
8.19
8.31
8.26
8.24
8.28
8.24
8.28
8.34
8.32
8.35
8.29
8.35
8.36
8.31
8.19
8.28
8.20
8.32
8.32
8.31
8.31
8.26
8.30
8.35
8.33
8.28
8.28
8.33
8.32
8.31
8.31
8.21
8.29
8.31
8.32
8.29
8.35
8.31
8.36
8.36
8.44
8.33
8.34
8.28
8.33
8.30
8.29
8.35
8.27
8.25
8.40
8.37
8.33
8.38
8.33
8.42
8.47
8.40
8.53
8.48
8.52
8.53
8.65
8.55
8.64
8.64
8.66
8.68
8.63
8.58
8.58
8.53
8.59
8.62
8.65
8.68
8.64
8.65
8.79
8.76
8.75
8.76
8.81
8.63
8.66
8.66
8.70
8.59
8.58
8.59
8.54
8.63
8.69
8.72
8.73
8.79
8.70
8.71
8.61
8.65
8.71
8.62
8.61
8.70
8.80
8.73
8.79
8.78
8.77
8.77
8.86
8.75
8.90
8.75
8.84
8.83
8.83
8.85
8.84
8.89
8.85
8.94
8.84
8.92
8.83
8.90
8.91
8.81
8.88
8.81
8.81
8.85
8.81
8.85
8.92
8.85
8.93
8.85
8.91
8.90
8.90
8.91
8.85
8.88
8.86
8.87
8.90
8.98
8.96
8.95
8.96
8.98
8.96
8.86
8.99
8.95
8.92
9.09
9.01
8.94
8.96
8.86
8.82
8.83
8.80
8.82
8.96
8.81
8.79
8.72
8.72
8.77
8.68
8.71
8.71
8.63
8.75
8.71
8.78
8.57
8.69
8.76
8.79
8.84
8.84
8.83
8.80
8.83
8.91
8.85
8.86
8.92
8.96
8.90
8.97
8.93
8.85
8.82
8.86
8.90
8.80
8.81
8.88
8.76
8.80
8.83
8.85
8.76
8.71
8.77
8.78
8.86
8.85
8.86
8.77
8.88
8.87
8.94
8.85
8.70
8.73
8.77
8.74
8.83
8.80
8.88
8.81
8.84
8.84
8.90
8.86
8.89
8.90
8.86
8.90
8.90
8.96
8.85
8.90
8.79
8.87
8.83
8.76
8.70
8.85
8.78
8.79
8.78
8.77
8.69
8.75
8.68
8.78
8.79
8.85
8.87
8.85
8.91
8.88
8.89
8.79
8.79
8.67
8.63
8.70
8.64
8.64
8.63
8.70
8.68
8.75
8.86
8.75
8.76
8.75
8.70
8.77
8.72
8.80
8.70
8.90
8.71
8.71
8.75
8.73
8.73
8.66
8.67
8.68
8.67
8.66
8.64
8.66
8.63
8.55
8.54
8.66
8.69
8.69
8.75
8.64
8.66
8.72
8.69
8.67
8.72
8.69
8.72
8.76
8.74
8.70
8.79
8.92
8.80
8.77
8.83
8.84
8.87
8.77
8.74
8.72
8.69
8.70
8.69
8.77
8.70
8.71
8.73
8.76
8.70
8.70
8.69
8.70
8.67
8.78
8.75
8.72
8.70
8.75
8.80
8.75
8.76
8.79
8.84
8.83
8.81
8.72
8.75
8.71
8.63
8.62
8.68
8.57
8.66
8.65
8.65
8.69
8.65
8.69
8.72
8.69
8.75
8.81
8.80
8.82
8.76
8.75
8.84
8.83
8.75
8.84
8.78
8.79
8.79
8.76
8.74
8.67
8.68
8.77
8.79
8.70
8.71
8.76
8.75
8.71
8.75
8.71
8.77
8.83
8.83
8.83
8.86
8.87
8.89
8.81
8.86
8.78
8.91
8.82
8.86
8.99
8.89
8.85
8.88
8.79
8.83
8.79
8.81
8.94
8.97
9.05
8.98
9.08
9.08
8.98
8.98
8.98
8.95
9.03
9.04
9.00
9.06
8.94
9.01
8.92
8.93
8.97
8.92
8.87
8.95
8.97
9.01
9.05
9.05
9.03
8.86
8.95
8.85
8.96
8.81
8.87
8.85
8.85
8.87
8.84
8.85
8.99
8.98
8.89
8.92
8.89
8.89
8.92
8.89
9.00
8.99
8.99
9.02
9.08
9.00
8.98
9.03
9.01
8.87
8.89
8.94
8.95
8.95
9.01
8.95
9.00
8.98
9.05
9.05
9.02
9.03
9.07
9.05
9.08
9.15
9.14
9.24
9.23
9.20
9.31
9.21
9.26
9.28
9.19
9.28
9.24
9.23
9.22
9.17
9.24
9.27
9.26
9.26
9.28
9.32
9.40
9.46
9.56
9.70
9.56
9.47
9.49
9.46
9.50
9.43
9.50
9.52
9.55
9.55
9.42
9.33
9.47
9.38
9.39
9.43
9.45
9.42
9.45
9.37
9.43
9.44
9.46
9.47
9.43
9.47
9.38
9.42
9.40
9.30
9.31
9.39
9.27
9.35
9.41
9.36
9.36
9.35
9.31
9.42
9.42
9.28
9.19
9.12
9.12
9.17
9.17
9.15
9.24
9.18
9.24
9.34
9.36
9.32
9.29
9.40
9.31
9.20
9.27
9.30
9.25
9.31
9.20
9.27
9.13
9.25
9.17
9.14
9.25
9.17
9.14
9.18
9.10
9.01
9.07
9.05
9.08
9.09
8.98
9.02
8.93
8.98
9.03
8.96
9.00
8.96
9.08
9.02
8.99
9.06
9.05
9.06
9.11
9.06
8.94
8.91
8.91
8.86
8.98
8.92
9.03
9.08
9.03
8.99
9.11
9.03
9.05
9.00
9.09
9.07
9.13
9.13
9.20
9.14
9.16
9.13
9.13
9.13
9.22
9.24
9.21
9.13
9.14
9.11
9.21
9.18
9.20
9.22
9.13
9.13
9.18
9.10
9.07
9.02
9.08
8.98
9.03
9.09
9.06
9.14
9.12
9.18
9.15
9.26
9.21
9.14
9.23
9.21
9.19
9.18
9.14
9.18
9.19
9.11
9.12
9.14
9.24
9.15
9.15
9.08
9.11
9.15
9.16
9.19
9.20
9.06
9.11
9.12
9.10
9.10
9.17
9.10
9.18
9.11
9.16
9.16
9.15
9.09
9.07
9.11
9.14
9.13
9.08
9.08
9.11
9.15
9.08
9.20
9.22
9.26
9.29
9.30
9.25
9.28
9.25
9.27
9.35
9.29
9.22
9.23
9.22
9.23
9.26
9.21
9.26
9.27
9.21
9.18
9.15
9.21
9.33
9.23
9.29
9.24
9.20
9.22
9.32
9.21
9.31
9.22
9.33
9.20
9.22
9.26
9.28
9.33
9.30
9.36
9.32
9.43
9.35
9.39
9.38
9.38
9.30
9.24
9.26
9.31
9.37
9.36
9.36
9.34
9.32
9.41
9.53
9.51
9.53
9.50
9.47
9.56
9.49
9.51
9.60
9.62
9.54
9.52
9.48
9.40
9.48
9.44
9.43
9.43
9.53
9.56
9.49
9.55
9.49
9.51
9.58
9.61
9.60
9.73
9.62
9.72
9.67
9.63
9.73
9.59
9.64
9.64
9.58
9.61
9.55
9.51
9.43
9.44
9.39
9.38
9.33
9.30
9.33
9.37
9.27
9.24
9.33
9.32
9.33
9.24
9.22
9.18
9.17
9.16
9.20
9.19
9.19
9.16
9.14
9.21
9.30
9.28
9.25
9.28
9.23
9.27
9.39
9.36
9.43
9.45
9.43
9.39
9.38
9.45
9.35
9.41
9.33
9.41
9.31
9.41
9.35
9.38
9.37
9.41
9.37
9.43
9.44
9.49
9.51
9.53
9.59
9.57
9.61
9.65
9.68
9.67
9.68
9.74
9.73
9.68
9.74
9.68
9.77
9.79
9.73
9.74
9.76
9.64
9.79
9.79
9.72
9.73
9.74
9.78
9.75
9.70
9.65
9.62
9.78
9.79
9.66
9.77
9.66
9.73
9.67
9.78
9.65
9.60
9.60
9.58
9.62
9.57
9.65
9.71
9.70
9.74
9.70
9.72
9.70
9.76
9.68
9.70
9.74
9.74
9.70
9.65
9.55
9.51
9.46
9.53
9.48
9.56
9.50
9.51
9.52
9.54
9.48
9.52
9.46
9.38
9.44
9.49
9.40
9.49
9.52
9.53
9.51
9.45
9.47
9.51
9.52
9.57
9.57
9.55
9.48
9.55
9.58
9.58
9.55
9.61
9.56
9.47
9.49
9.42
9.46
9.52
9.46
9.46
9.45
9.46
9.42
9.39
9.38
9.45
9.44
9.57
9.46
9.39
9.44
9.41
9.41
9.52
9.46
9.47
9.48
9.40
9.37
9.41
9.34
9.39
9.34
9.37
9.39
9.34
9.32
9.41
9.44
9.45
9.43
9.46
9.45
9.46
9.58
9.50
9.45
9.47
9.51
9.51
9.49
9.42
9.47
9.45
9.50
9.52
9.50
9.61
9.54
9.62
9.57
9.68
9.71
9.66
9.63
9.55
9.65
9.64
9.61
9.61
9.65
9.57
9.60
9.71
9.65
9.58
9.65
9.67
9.67
9.75
9.77
9.80
9.75
9.82
9.98
0.00
-0.00
-0.00
-0.00
-0.00
-0.00
-0.00
-0.00
0.00
-0.01
-0.00
0.00
-0.00
0.00
-0.00
-0.00
-0.00
-0.00
0.00
-0.00
-0.00
-0.00
0.01
-0.01
-0.01
-0.02
-0.03
-0.03
0.00
-0.01
-0.02
-0.03
-0.03
-0.05
-0.04
-0.02
-0.02
-0.01
-0.02
-0.01
-0.01
-0.01
-0.02
0.00
0.00
-0.00
0.01
-0.00
0.01
0.01
0.01
0.01
0.01
0.01
0.01
0.02
0.02
0.01
0.01
0.00
0.02
0.00
0.00
0.01
0.01
0.01
0.00
0.01
-0.01
0.01
0.00
0.01
0.01
-0.01
0.03
-0.00
-0.01
-0.03
-0.03
-0.01
-0.02
0.00
-0.00
-0.00
-0.01
-0.02
0.01
0.00
0.01
-0.01
-0.02
-0.02
-0.00
-0.01
0.01
0.01
-0.02
-0.00
0.01
-0.02
-0.01
-0.02
-0.00
-0.02
-0.02
-0.01
-0.03
-0.02
-0.04
-0.02
-0.06
-0.04
-0.05
-0.05
-0.02
-0.03
-0.04
-0.03
-0.06
-0.03
-0.04
-0.02
-0.01
-0.02
-0.02
-0.02
0.01
0.02
0.03
0.01
0.01
-0.01
-0.01
-0.00
-0.01
-0.01
0.01
-0.00
-0.02
-0.02
-0.01
-0.03
-0.02
-0.05
-0.04
-0.05
-0.05
-0.07
-0.03
-0.03
-0.04
-0.07
-0.05
-0.05
-0.04
-0.03
-0.02
-0.04
-0.05
-0.04
-0.06
-0.04
-0.05
-0.06
-0.08
-0.08
-0.06
-0.10
-0.07
-0.05
-0.05
-0.05
-0.07
-0.06
-0.06
-0.07
-0.06
-0.07
-0.04
-0.04
-0.03
-0.04
-0.04
-0.03
-0.03
-0.04
-0.05
-0.05
-0.04
-0.04
-0.04
-0.06
-0.02
-0.02
0.01
-0.00
0.01
-0.01
0.01
0.00
0.03
0.04
0.02
0.01
0.02
-0.00
0.00
0.02
0.00
-0.01
0.00
0.03
-0.01
0.02
0.04
0.03
0.06
0.07
0.07
0.04
0.07
0.04
0.08
0.07
0.07
0.08
0.07
0.08
0.09
0.07
0.06
0.05
0.09
0.12
0.09
0.11
0.10
0.07
0.09
0.10
0.11
0.13
0.13
0.10
0.14
0.13
0.11
0.12
0.11
0.13
0.18
0.18
0.18
0.18
0.19
0.19
0.17
0.17
0.18
0.20
0.19
0.18
0.21
0.24
0.24
0.27
0.27
0.30
0.29
0.28
0.24
0.23
0.29
0.29
0.27
0.30
0.23
0.28
0.32
0.27
0.27
0.30
0.28
0.26
0.21
0.24
0.25
0.21
0.21
0.24
0.22
0.20
0.22
0.22
0.23
0.20
0.18
0.16
0.13
0.15
0.15
0.12
0.10
0.13
0.13
0.12
0.12
0.12
0.11
0.11
0.10
0.07
0.10
0.13
0.08
0.07
0.01
0.03
0.02
0.00
0.04
0.03
0.03
0.01
0.04
0.02
0.01
0.01
0.01
-0.00
0.04
0.04
0.02
0.01
0.04
0.04
0.03
0.04
0.04
0.01
0.03
0.05
0.04
0.05
0.06
0.05
0.05
0.04
0.01
0.01
0.01
0.02
0.04
0.03
0.03
0.05
0.04
0.04
0.07
0.09
0.08
0.09
0.08
0.09
0.09
0.09
0.07
0.10
0.13
0.09
0.13
0.12
0.15
0.12
0.13
0.09
0.11
0.10
0.11
0.16
0.14
0.14
0.14
0.14
0.11
0.14
0.13
0.13
0.14
0.14
0.12
0.15
0.14
0.13
0.16
0.14
0.14
0.15
0.15
0.19
0.21
0.23
0.16
0.18
0.13
0.20
0.20
0.19
0.18
0.25
0.25
0.25
0.28
0.24
0.25
0.26
0.34
0.25
0.29
0.25
0.22
0.25
0.29
0.28
0.27
0.28
0.28
0.28
0.31
0.27
0.29
0.30
0.30
0.33
0.33
0.26
0.27
0.30
0.35
0.40
0.34
0.36
0.30
0.34
0.34
0.29
0.32
0.29
0.29
0.28
0.27
0.28
0.33
0.32
0.41
0.40
0.46
0.44
0.47
0.51
0.49
0.51
0.44
0.53
0.57
0.56
0.53
0.59
0.59
0.57
0.54
0.59
0.59
0.58
0.64
0.55
0.55
0.52
0.55
0.50
0.43
0.51
0.44
0.47
0.49
0.46
0.49
0.41
0.34
0.39
0.35
0.38
0.50
0.38
0.44
0.37
0.37
0.32
0.34
0.31
0.36
0.36
0.38
0.36
0.40
0.40
0.41
0.33
0.30
0.23
0.24
0.27
0.30
0.34
0.32
0.41
0.40
0.43
0.50
0.54
0.51
0.51
0.58
0.52
0.64
0.63
0.63
0.63
0.74
0.73
0.76
0.72
0.80
0.82
0.85
0.77
0.75
0.86
0.83
0.99
0.92
1.03
0.96
0.94
1.04
1.11
1.15
1.14
1.13
1.11
1.04
0.98
1.10
1.18
1.18
1.17
1.22
1.33
1.29
1.24
1.37
1.43
1.31
1.34
1.56
1.40
1.40
1.35
1.40
1.41
1.38
1.41
1.52
1.50
1.49
1.59
1.53
1.52
1.65
1.75
1.69
1.70
1.73
1.85
1.78
2.02
1.95
1.96
2.10
2.04
2.24
2.16
2.14
2.22
2.07
2.18
2.06
2.18
2.17
2.14
2.09
2.09
2.08
2.22
2.28
2.36
2.45
2.48
2.39
2.55
2.43
2.48
2.52
2.55
2.67
2.63
2.71
2.64
2.52
2.49
2.64
2.50
2.55
2.63
2.72
2.73
2.96
2.88
2.87
3.04
3.11
3.15
3.29
3.27
3.26
3.21
3.27
3.17
3.26
3.35
3.34
3.33
3.39
3.47
3.49
3.55
3.38
3.35
3.42
3.41
3.45
3.56
3.48
3.42
3.43
3.46
3.44
3.38
3.31
3.50
3.42
3.42
3.51
3.49
3.42
3.45
3.61
3.53
3.47
3.61
3.61
3.68
3.56
3.65
3.73
3.68
3.74
3.64
3.61
3.60
3.55
3.64
3.76
3.68
3.80
3.73
3.76
3.83
3.81
3.90
3.83
3.97
4.11
4.02
4.09
4.11
4.13
4.03
4.11
4.19
4.06
4.06
4.08
3.99
4.06
4.15
4.03
4.12
4.17
4.14
4.31
4.31
4.31
4.33
4.37
4.43
4.33
4.41
4.41
4.29
4.39
4.32
4.35
4.39
4.33
4.27
4.24
4.30
4.26
4.31
4.37
4.40
4.41
4.58
4.51
4.53
4.58
4.59
4.58
4.61
4.57
4.54
4.57
4.52
4.63
4.70
4.65
4.73
4.69
4.75
4.76
4.79
4.69
4.70
4.66
4.72
4.75
4.84
4.78
4.68
4.79
4.76
4.70
4.65
4.73
4.82
4.83
4.80
4.86
4.86
4.77
4.88
4.74
4.77
4.72
4.78
4.72
4.68
4.70
4.78
4.73
4.65
4.78
4.80
4.79
4.78
4.80
4.83
4.89
4.84
4.84
4.91
4.95
4.89
4.90
4.95
4.98
4.94
4.95
4.97
5.07
5.15
5.13
5.12
5.10
5.13
5.07
5.10
5.06
5.05
5.07
5.05
5.10
5.07
5.08
5.07
5.12
5.14
5.15
5.14
5.20
5.24
5.23
5.23
5.22
5.18
5.21
5.25
5.29
5.24
5.22
5.25
5.22
5.19
5.21
5.22
5.16
5.13
5.16
5.14
5.19
5.19
5.19
5.22
5.23
5.23
5.21
5.17
5.24
5.18
5.20
5.20
5.20
5.17
5.19
5.15
5.19
5.22
5.17
5.21
5.18
5.22
5.23
5.23
5.21
5.26
5.28
5.30
5.30
5.29
5.28
5.30
5.31
5.43
5.43
5.44
5.44
5.43
5.46
5.46
5.46
5.43
5.43
5.44
5.43
5.49
5.53
5.54
5.48
5.51
5.52
5.54
5.53
5.52
5.53
5.55
5.53
5.52
5.52
5.50
5.53
5.55
5.57
5.54
5.55
5.55
5.51
5.53
5.52
5.50
5.48
5.51
5.51
5.48
5.52
5.53
5.48
5.50
5.49
5.54
5.50
5.50
5.61
5.54
5.62
5.55
5.55
5.53
5.58
5.64
5.61
5.61
5.67
5.70
5.81
5.77
5.87
5.93
5.89
5.86
5.84
5.98
5.96
5.96
5.88
5.94
5.96
5.93
5.96
5.98
5.95
5.92
5.95
6.01
6.03
5.96
5.97
6.08
5.97
5.97
5.90
5.95
5.99
5.90
5.84
5.85
5.80
5.86
5.94
5.89
5.97
5.84
5.98
5.94
5.88
5.93
5.92
5.86
5.90
5.91
5.89
5.89
5.87
5.99
5.90
5.93
5.98
6.04
6.04
6.14
6.04
6.15
6.09
6.20
6.12
6.22
6.20
6.20
6.23
6.34
6.31
6.37
6.30
6.34
6.54
6.36
6.22
6.22
6.41
6.34
6.52
6.48
6.52
6.60
6.56
6.55
6.64
6.65
6.66
6.69
6.58
6.65
6.77
6.76
6.80
6.79
6.89
6.87
6.68
6.74
6.67
6.67
6.60
6.62
6.62
6.66
6.54
6.68
6.72
6.67
6.78
6.79
6.85
6.92
6.99
6.89
6.90
6.98
6.96
6.92
6.91
7.04
7.17
7.12
7.13
7.11
7.09
7.09
7.18
7.16
7.23
7.28
7.12
7.19
7.24
7.22
7.26
7.56
7.54
7.38
7.44
7.44
7.37
7.47
7.41
7.41
7.38
7.43
7.66
7.67
7.68
7.66
7.63
7.53
7.50
7.49
7.55
7.68
7.62
7.70
7.70
7.75
7.89
7.90
7.95
7.91
7.94
7.89
8.02
7.87
7.87
7.84
8.01
7.85
7.84
8.00
7.96
7.93
8.01
7.93
7.97
7.98
8.06
8.11
7.98
7.97
7.97
7.99
7.98
8.04
8.07
8.07
8.05
8.15
8.06
8.18
8.15
8.03
8.08
8.09
8.12
8.23
8.20
8.25
8.33
8.05
8.27
8.38
8.21
8.28
8.17
8.07
8.18
8.11
8.10
8.15
8.04
7.98
8.17
8.15
8.16
8.13
8.28
8.22
8.15
8.28
8.19
8.29
8.18
8.33
8.31
8.19
8.21
8.09
8.16
8.16
8.18
8.14
8.27
8.20
8.40
8.30
8.41
8.36
8.32
8.34
8.34
8.26
8.25
8.37
8.45
8.53
8.66
8.51
8.57
8.42
8.57
8.62
8.62
8.69
8.64
8.69
8.74
8.81
8.76
8.70
8.72
8.75
8.71
8.79
8.83
8.66
8.69
8.80
8.68
8.84
8.96
8.84
8.76
8.95
8.95
8.96
8.90
8.92
8.93
8.90
8.85
8.73
8.86
8.81
8.88
8.80
8.79
8.69
8.52
8.52
8.53
8.61
8.63
8.53
8.64
8.65
8.59
8.56
8.56
8.58
8.54
8.55
8.61
8.51
8.53
8.48
8.54
8.61
8.46
8.63
8.65
8.59
8.66
8.71
8.62
8.67
8.62
8.57
8.60
8.69
8.72
8.76
8.78
8.69
8.64
8.65
8.61
8.67
8.71
8.69
8.59
8.68
8.60
8.53
8.65
8.57
8.57
8.60
8.62
8.57
8.57
8.66
8.78
8.75
8.73
8.79
8.71
8.78
8.73
8.82
8.75
8.73
8.72
8.85
8.76
8.92
8.83
8.87
8.96
9.03
9.11
9.10
9.17
9.09
9.06
9.16
9.11
9.16
9.02
9.14
9.13
9.19
9.17
9.28
9.31
9.25
9.25
9.04
9.10
9.14
9.13
9.07
9.18
9.05
9.09
9.05
9.19
9.11
9.14
9.06
9.03
8.95
9.00
8.98
8.97
8.96
8.91
8.89
8.92
8.94
8.99
8.97
8.96
9.00
9.05
8.97
8.93
8.86
8.89
8.92
9.06
9.01
8.98
8.96
8.97
8.92
8.98
8.94
9.04
8.99
9.08
9.08
9.04
9.14
9.08
9.03
9.04
9.03
9.04
8.96
9.09
9.19
9.22
9.10
9.12
9.15
9.08
9.20
9.14
9.16
9.09
9.14
9.07
9.17
9.09
9.19
9.21
9.16
9.16
9.23
9.24
9.24
9.18
9.16
9.13
9.16
9.22
9.35
9.17
9.28
9.29
9.26
9.18
9.23
9.32
9.16
9.24
9.27
9.23
9.18
9.15
9.26
9.25
9.15
9.19
9.18
9.23
9.19
9.18
9.24
9.16
9.15
9.15
9.13
9.18
9.25
9.32
9.24
9.30
9.28
9.27
9.36
9.32
9.25
9.35
9.34
9.33
9.33
9.18
9.21
9.23
9.27
9.29
9.31
9.32
9.28
9.26
9.21
9.28
9.28
9.25
9.16
9.23
9.24
9.24
9.24
9.23
9.25
9.29
9.35
9.32
9.30
9.34
9.36
9.44
9.40
9.44
9.36
9.43
9.33
9.36
9.38
9.35
9.32
9.23
9.18
9.31
9.32
9.28
9.30
9.34
9.29
9.35
9.33
9.42
9.30
9.44
9.44
9.42
9.47
9.43
9.55
9.45
9.50
9.45
9.51
9.50
9.39
9.49
9.50
9.48
9.51
9.58
9.47
9.52
9.55
9.58
9.51
9.57
9.56
9.49
9.63
9.62
9.64
9.63
9.60
9.65
9.69
9.70
9.71
9.71
9.76
9.70
9.69
9.73
9.81
9.79
9.73
9.64
9.59
9.57
9.43
9.50
9.61
9.51
9.55
9.64
9.54
9.56
9.69
9.63
9.58
9.58
9.61
9.63
9.55
9.66
9.59
9.69
9.63
9.61
9.60
9.54
9.66
9.71
9.71
9.84
9.78
9.77
9.81
9.83
9.81
9.76
9.89
9.81
9.85
9.88
9.84
9.94
0.00
0.00
-0.00
0.00
0.00
0.00
-0.00
0.00
-0.00
-0.00
-0.00
0.00
-0.01
-0.00
0.01
-0.00
-0.00
-0.00
0.00
-0.01
-0.00
-0.00
-0.00
0.01
-0.00
-0.00
-0.00
-0.00
-0.00
-0.00
-0.01
-0.00
0.00
-0.01
-0.00
0.01
0.00
0.01
0.01
0.02
0.00
-0.00
0.01
0.02
0.02
0.02
0.02
0.02
0.02
-0.00
0.01
0.00
0.00
0.02
0.01
0.02
0.00
0.00
0.01
0.01
0.01
-0.01
0.03
0.05
0.05
0.05
0.05
0.05
0.07
0.09
0.09
0.09
0.12
0.17
0.17
0.17
0.17
0.16
0.16
0.18
0.19
0.18
0.16
0.17
0.21
0.21
0.20
0.17
0.15
0.17
0.18
0.18
0.26
0.22
0.20
0.21
0.26
0.23
0.27
0.33
0.34
0.34
0.37
0.35
0.44
0.46
0.51
0.47
0.46
0.51
0.55
0.54
0.52
0.58
0.53
0.47
0.55
0.54
0.50
0.51
0.45
0.43
0.48
0.48
0.46
0.54
0.50
0.45
0.54
0.51
0.45
0.47
0.44
0.47
0.42
0.47
0.52
0.55
0.50
0.57
0.56
0.57
0.59
0.53
0.51
0.54
0.56
0.55
0.52
0.55
0.63
0.62
0.55
0.59
0.50
0.51
0.53
0.46
0.53
0.53
0.54
0.58
0.57
0.67
0.63
0.57
0.61
0.67
0.70
0.63
0.68
0.76
0.75
0.80
0.80
0.84
0.78
0.72
0.76
0.71
0.86
0.88
0.88
0.89
0.88
0.88
0.87
0.87
0.98
1.03
1.04
1.02
1.06
1.19
1.18
1.09
1.13
1.28
1.21
1.15
1.23
1.20
1.24
1.33
1.38
1.40
1.37
1.39
1.34
1.36
1.35
1.27
1.12
1.15
1.20
1.19
1.21
1.25
1.28
1.23
1.20
1.25
1.15
1.16
1.29
1.19
1.20
1.28
1.32
1.29
1.23
1.33
1.35
1.32
1.30
1.27
1.40
1.58
1.52
1.46
1.50
1.51
1.60
1.59
1.56
1.59
1.59
1.49
1.50
1.47
1.33
1.39
1.53
1.60
1.55
1.63
1.66
1.54
1.57
1.63
1.60
1.63
1.53
1.54
1.54
1.52
1.58
1.60
1.56
1.42
1.59
1.59
1.57
1.62
1.61
1.67
1.89
1.91
1.92
1.78
1.81
1.76
1.90
1.90
1.94
1.96
2.01
2.15
2.09
2.03
2.00
2.04
2.07
2.19
2.24
2.24
2.16
2.22
2.20
2.30
2.25
2.26
2.39
2.34
2.31
2.38
2.42
2.41
2.47
2.36
2.46
2.39
2.45
2.51
2.66
2.53
2.60
2.61
2.72
2.74
2.73
2.79
2.83
2.92
3.06
3.02
3.15
3.18
3.25
3.27
3.30
3.27
3.26
3.30
3.19
3.32
3.30
3.30
3.38
3.36
3.41
3.44
3.43
3.46
3.48
3.48
3.46
3.54
3.50
3.56
3.54
3.48
3.46
3.45
3.54
3.66
3.72
3.78
3.81
3.71
3.74
3.74
3.73
3.79
3.73
3.88
3.86
3.87
4.04
3.96
4.01
3.99
4.07
4.07
4.17
4.22
4.09
4.11
4.06
4.10
4.17
4.18
4.13
4.18
4.30
4.28
4.31
4.33
4.25
4.36
4.31
4.36
4.41
4.50
4.46
4.44
4.60
4.55
4.52
4.53
4.52
4.64
4.72
4.64
4.68
4.67
4.59
4.69
4.70
4.69
4.84
4.88
4.94
5.00
4.94
4.96
5.14
5.05
5.01
4.88
5.02
5.05
5.10
5.10
5.21
5.30
5.24
5.16
5.14
5.21
5.12
5.16
5.18
5.11
5.17
5.10
5.19
5.23
5.30
5.25
5.24
5.29
5.31
5.45
5.48
5.56
5.63
5.66
5.72
5.63
5.64
5.50
5.46
5.52
5.65
5.62
5.77
5.69
5.78
5.73
5.77
5.71
5.77
5.89
5.70
6.01
5.94
5.95
6.07
6.16
6.17
6.33
6.34
6.56
6.46
6.48
6.47
6.56
6.48
6.69
6.84
6.88
6.86
6.95
6.83
6.86
6.87
6.83
6.73
7.03
6.99
7.09
7.15
6.96
7.28
7.15
7.11
7.15
7.15
7.07
7.24
7.12
7.24
7.19
7.10
7.20
7.16
7.12
7.19
7.13
7.08
7.16
7.21
7.24
7.25
7.41
7.30
7.34
7.38
7.31
7.34
7.45
7.47
7.52
7.56
7.57
7.61
7.66
7.64
7.74
7.74
7.83
7.83
7.65
7.71
7.79
7.68
7.63
7.73
7.69
7.81
7.74
7.93
7.92
7.98
8.03
7.90
7.97
7.96
7.81
7.89
7.68
7.76
7.74
7.68
7.62
7.53
7.52
7.60
7.52
7.59
7.51
7.70
7.81
7.84
7.76
7.67
7.70
7.70
7.72
7.65
7.74
7.68
7.80
7.80
7.86
7.81
7.88
7.91
8.00
8.16
8.16
8.13
8.12
8.21
8.23
8.16
8.25
8.29
8.27
8.30
8.39
8.28
8.40
8.29
8.24
8.40
8.52
8.39
8.40
8.36
8.46
8.39
8.38
8.46
8.48
8.53
8.40
8.30
8.29
8.29
8.18
8.21
8.32
8.39
8.33
8.36
8.35
8.37
8.54
8.57
8.60
8.56
8.59
8.66
8.59
8.67
8.69
8.81
8.64
8.70
8.80
8.76
8.93
8.98
8.83
8.76
8.77
8.69
8.67
8.78
8.65
8.79
8.71
8.72
8.81
8.92
8.92
9.00
8.96
8.88
8.77
8.68
8.73
8.66
8.60
8.50
8.63
8.68
8.64
8.77
8.76
8.79
8.79
8.95
8.96
8.90
8.81
8.83
8.91
8.83
9.00
8.84
8.73
8.79
8.80
8.68
8.94
8.89
8.90
8.87
8.85
8.97
8.97
8.83
8.91
8.93
8.83
8.83
8.72
8.90
8.94
8.87
8.78
8.71
8.73
8.76
8.86
8.76
8.93
8.81
8.78
8.82
8.72
8.74
8.65
8.75
8.72
8.58
8.62
8.62
8.64
8.68
8.81
8.76
8.80
8.68
8.87
8.69
8.74
8.78
8.76
8.77
8.78
8.70
8.60
8.76
8.78
8.77
8.75
8.85
8.74
8.68
8.81
8.91
8.98
8.99
9.05
9.05
9.02
8.93
9.15
9.09
9.10
9.24
9.25
9.41
9.28
9.31
9.25
9.34
9.35
9.29
9.23
9.22
9.11
9.15
9.12
9.11
9.10
9.11
9.02
9.01
9.09
9.07
9.16
9.10
8.89
8.95
8.93
8.81
8.91
8.82
8.76
8.80
8.82
8.85
8.79
8.87
8.83
8.90
8.82
8.81
8.78
8.86
8.80
8.82
8.83
8.73
8.79
8.84
8.91
8.85
8.70
8.80
8.87
8.86
8.74
8.78
8.75
8.78
8.82
8.83
8.81
8.80
8.83
8.92
8.79
8.81
8.71
8.83
8.66
8.63
8.78
8.77
8.76
8.77
8.97
8.90
8.85
8.95
8.93
8.85
8.77
8.86
8.66
8.77
8.74
8.79
8.70
8.70
8.64
8.67
8.72
8.76
8.62
8.60
8.65
8.71
8.63
8.74
8.69
8.63
8.81
8.78
8.79
8.74
8.80
8.79
8.89
8.94
8.91
8.99
8.91
8.80
8.90
8.92
8.84
8.97
8.93
8.70
8.83
8.78
8.81
8.81
8.79
8.84
8.91
8.92
8.89
8.89
8.84
8.95
8.99
8.99
8.97
8.99
8.89
9.02
9.03
9.11
9.16
9.17
9.07
9.01
8.98
9.04
8.88
8.87
9.00
8.95
8.88
8.95
8.97
8.92
8.92
8.91
9.06
9.01
9.08
9.06
8.88
9.00
8.87
8.88
8.99
8.86
8.85
8.92
8.84
8.83
8.82
8.95
8.92
8.72
8.71
8.73
8.77
8.68
8.73
8.72
8.50
8.51
8.58
8.60
8.73
8.59
8.69
8.64
8.62
8.58
8.69
8.64
8.58
8.60
8.54
8.72
8.69
8.72
8.61
8.60
8.57
8.55
8.52
8.50
8.62
8.51
8.46
8.52
8.60
8.56
8.67
8.70
8.67
8.74
8.70
8.60
8.60
8.68
8.69
8.67
8.69
8.72
8.83
8.80
8.87
8.84
8.77
8.77
8.76
8.84
8.92
8.94
8.84
8.91
8.96
8.97
9.01
9.01
9.03
8.99
8.90
9.03
9.06
8.98
9.09
9.10
9.04
8.96
9.12
9.08
9.08
9.18
9.16
9.20
9.16
9.22
9.20
9.21
9.28
9.37
9.37
9.33
9.50
9.47
9.43
9.62
9.51
9.59
9.55
9.61
9.60
9.56
9.65
9.76
9.56
9.71
9.63
9.73
9.61
9.67
9.66
9.66
9.71
9.73
9.74
9.66
9.65
9.58
9.53
9.46
9.49
9.58
9.40
9.46
9.54
9.46
9.44
9.52
9.47
9.44
9.52
9.49
9.40
9.27
9.31
9.35
9.21
9.26
9.22
9.20
9.27
9.22
9.17
9.19
9.03
9.18
9.18
9.20
9.04
9.09
9.20
9.13
9.09
9.11
9.16
9.19
9.20
9.18
9.12
9.19
9.16
9.15
9.26
9.20
9.22
9.22
9.21
9.27
9.12
9.10
9.17
9.24
9.17
9.21
9.22
9.14
9.20
9.17
9.10
9.12
9.17
9.21
9.20
9.07
9.12
9.06
8.98
9.05
8.96
8.90
9.05
9.04
8.92
8.86
8.84
8.85
8.93
8.87
8.92
8.93
8.93
8.91
8.91
8.79
8.84
8.90
8.93
9.05
9.00
9.04
8.96
9.04
9.05
9.05
9.00
8.88
8.92
8.91
8.85
8.95
8.84
8.80
8.83
8.79
8.82
8.67
8.81
8.75
8.80
8.79
8.76
8.71
8.75
8.72
8.68
8.66
8.69
8.75
8.77
8.79
8.78
8.76
8.76
8.88
8.86
8.73
8.83
8.94
8.85
8.88
8.97
8.93
8.87
8.97
8.87
8.90
8.89
8.87
8.89
8.88
8.79
8.86
8.80
8.87
8.84
8.86
8.93
8.87
8.85
8.98
8.91
8.96
8.92
9.00
8.87
8.95
8.92
8.98
9.07
9.10
9.03
9.05
9.03
9.08
9.04
9.06
9.04
9.05
9.16
9.22
9.22
9.19
9.06
9.10
9.07
9.03
9.15
9.17
9.18
9.13
9.16
9.12
9.18
9.15
9.25
9.08
9.14
9.13
9.10
9.13
9.11
9.06
9.04
8.96
8.98
9.02
9.05
8.96
8.97
8.97
8.93
8.94
8.94
8.87
8.90
8.91
8.90
8.93
9.02
8.94
8.96
9.04
8.91
8.95
8.97
9.06
9.05
8.98
8.97
8.94
9.00
9.00
9.04
8.96
8.97
8.89
8.94
8.98
9.05
8.95
8.96
9.09
9.00
9.01
8.99
9.09
9.19
9.05
9.03
9.00
9.05
9.04
9.06
9.06
8.95
9.01
9.01
8.92
8.93
8.98
8.90
8.90
8.94
8.92
8.93
8.84
8.95
8.88
8.90
8.94
8.97
8.95
8.97
8.94
8.98
8.99
9.01
8.94
8.92
8.89
8.86
8.90
8.95
8.95
8.96
9.00
8.92
8.97
8.98
8.98
9.01
8.96
9.01
8.99
8.94
8.95
8.97
9.01
8.96
8.95
8.92
8.89
8.92
8.90
8.97
8.94
8.95
8.97
9.00
8.98
9.03
9.04
9.02
9.04
8.98
9.01
8.99
9.01
8.98
9.09
9.06
8.96
9.03
9.03
9.04
9.05
9.07
9.20
9.12
9.14
9.18
9.16
9.15
9.21
9.18
9.22
9.18
9.26
9.27
9.22
9.24
9.25
9.15
9.19
9.30
9.22
9.29
9.20
9.22
9.29
9.35
9.24
9.21
9.31
9.25
9.31
9.21
9.11
9.13
9.17
9.16
9.15
9.13
9.12
9.17
9.24
9.19
9.25
9.19
9.23
9.25
9.30
9.24
9.32
9.32
9.37
9.35
9.45
9.35
9.39
9.39
9.32
9.24
9.30
9.27
9.24
9.20
9.21
9.23
9.23
9.31
9.24
9.23
9.28
9.30
9.27
9.25
9.21
9.22
9.26
9.25
9.27
9.22
9.23
9.20
9.29
9.29
9.24
9.19
9.16
9.24
9.26
9.30
9.32
9.25
9.31
9.30
9.31
9.25
9.26
9.17
9.23
9.29
9.16
9.24
9.23
9.22
9.21
9.16
9.22
9.11
9.20
9.36
9.27
9.25
9.29
9.40
9.38
9.35
9.46
9.54
9.51
9.55
9.60
9.64
9.68
9.82
9.70
9.75
9.80
9.82
9.94
0.00
-0.00
-0.01
-0.00
0.00
0.00
0.01
0.01
0.00
-0.00
0.00
0.01
0.01
0.02
0.02
0.02
0.01
0.01
0.01
0.02
0.04
0.03
0.03
0.06
0.04
0.05
0.05
0.05
0.05
0.06
0.07
0.07
0.08
0.11
0.08
0.08
0.07
0.11
0.10
0.12
0.10
0.16
0.15
0.20
0.19
0.17
0.25
0.31
0.24
0.28
0.28
0.32
0.29
0.27
0.26
0.28
0.26
0.28
0.24
0.30
0.28
0.27
0.30
0.31
0.34
0.29
0.26
0.30
0.36
0.33
0.27
0.35
0.37
0.36
0.36
0.39
0.37
0.37
0.37
0.34
0.28
0.22
0.28
0.31
0.34
0.41
0.37
0.33
0.38
0.36
0.41
0.46
0.39
0.47
0.41
0.43
0.48
0.49
0.47
0.48
0.50
0.48
0.45
0.41
0.50
0.49
0.52
0.51
0.56
0.56
0.53
0.54
0.58
0.58
0.65
0.57
0.57
0.61
0.70
0.64
0.64
0.68
0.60
0.73
0.76
0.78
0.76
0.77
0.79
0.81
0.85
0.86
0.89
0.84
0.84
0.79
0.81
0.78
0.72
0.76
0.75
0.70
0.66
0.81
0.63
0.75
0.81
0.81
0.79
0.74
0.71
0.71
0.71
0.73
0.77
0.74
0.79
0.74
0.79
0.77
0.72
0.84
0.86
0.75
0.82
0.85
0.86
0.80
0.78
0.87
0.86
0.95
0.87
0.91
0.95
0.89
0.85
0.86
1.01
1.01
0.97
1.02
1.06
1.18
1.11
1.24
1.18
1.22
1.19
1.15
1.24
1.21
1.32
1.28
1.34
1.34
1.43
1.41
1.52
1.55
1.45
1.53
1.50
1.41
1.42
1.46
1.35
1.59
1.59
1.58
1.59
1.68
1.77
1.71
1.83
1.91
1.98
2.02
2.04
2.05
2.09
2.06
2.29
2.21
2.19
2.34
2.26
2.19
2.15
2.27
2.39
2.29
2.28
2.26
2.20
2.28
2.26
2.48
2.38
2.45
2.44
2.45
2.52
2.61
2.71
2.85
2.88
2.73
2.94
2.93
3.20
3.00
3.11
3.14
3.25
3.30
3.33
3.48
3.34
3.36
3.45
3.62
3.55
3.55
3.62
3.73
3.83
3.97
3.89
3.84
4.06
4.16
4.15
4.21
4.17
4.09
4.25
4.22
4.19
4.41
4.50
4.49
4.45
4.64
4.58
4.59
4.55
4.66
4.88
4.90
5.01
4.81
4.90
5.06
4.91
5.04
5.00
4.88
5.07
4.98
4.90
4.96
5.30
5.42
5.42
5.52
5.49
5.48
5.50
5.53
5.67
5.72
5.92
5.94
5.97
5.97
5.88
6.10
5.99
6.01
6.21
6.34
6.17
6.14
6.24
6.17
6.11
6.08
6.14
6.41
6.28
6.20
6.26
6.20
6.19
6.34
6.39
6.10
6.18
6.23
6.30
6.38
6.23
6.42
6.42
6.52
6.70
6.54
6.50
6.50
6.44
6.50
6.70
6.58
6.58
6.52
6.40
6.30
6.40
6.38
6.18
6.38
6.19
6.39
6.30
6.24
6.38
6.56
6.71
6.52
6.59
6.52
6.56
6.66
6.57
6.64
6.70
6.55
6.71
6.74
6.61
6.81
6.69
6.56
6.76
6.90
6.99
6.86
7.00
6.97
7.06
6.99
6.98
7.17
7.15
7.18
7.25
7.22
7.16
7.24
7.15
7.24
7.15
7.32
7.24
7.35
7.27
7.40
7.36
7.34
7.35
7.28
7.16
7.44
7.45
7.42
7.45
7.39
7.21
7.24
7.28
7.30
7.22
7.33
7.32
7.28
7.27
7.36
7.55
7.44
7.59
7.46
7.44
7.53
7.56
7.64
7.78
7.71
7.79
7.72
7.84
7.80
7.93
7.93
7.91
7.95
7.95
7.96
8.04
7.99
7.91
7.86
7.85
7.87
7.80
7.91
7.90
7.94
7.80
7.91
7.90
8.01
8.06
8.00
7.97
8.09
8.11
8.02
8.07
7.99
7.88
8.03
8.07
8.08
8.13
8.24
8.37
8.31
8.28
8.35
8.36
8.35
8.40
8.46
8.54
8.55
8.40
8.58
8.59
8.59
8.68
8.67
8.70
8.73
8.74
8.76
8.73
8.70
8.77
8.75
8.73
8.79
8.73
8.87
8.83
8.81
8.87
8.84
8.84
8.86
8.94
8.97
8.91
8.89
8.83
8.86
8.83
8.88
8.91
8.80
8.86
8.79
8.80
8.85
8.79
8.83
8.74
8.73
8.79
8.60
8.66
8.58
8.60
8.60
8.64
8.70
8.78
8.75
8.75
8.81
8.77
8.75
8.85
8.83
8.84
8.92
8.89
8.90
8.90
8.89
8.94
8.90
8.89
8.92
8.91
8.95
8.92
8.92
8.92
8.91
8.89
8.93
8.96
8.97
8.98
9.02
9.02
9.07
9.04
8.92
8.96
8.95
9.02
8.98
9.00
9.02
9.04
8.97
8.94
8.96
8.95
8.96
8.93
8.93
8.97
8.96
8.97
8.87
8.94
8.97
8.91
8.95
9.00
8.91
8.98
9.02
9.02
9.10
9.12
9.09
9.04
9.05
9.07
9.09
9.07
9.04
9.08
9.07
9.13
9.08
9.13
9.16
9.15
9.17
9.16
9.17
9.08
9.13
9.11
9.03
9.05
9.02
9.05
9.11
9.07
9.04
9.09
9.00
9.08
9.04
9.01
8.99
9.00
9.04
9.01
9.06
9.08
9.02
9.04
9.01
9.06
9.06
9.09
9.08
9.15
9.05
9.06
9.07
9.10
9.17
9.20
9.26
9.24
9.28
9.22
9.25
9.25
9.23
9.21
9.18
9.20
9.17
9.25
9.19
9.15
9.25
9.25
9.19
9.19
9.14
9.22
9.19
9.17
9.17
9.26
9.25
9.23
9.28
9.26
9.17
9.26
9.19
9.24
9.17
9.14
9.16
9.13
9.19
9.11
9.13
9.19
9.22
9.17
9.18
9.20
9.18
9.13
9.08
9.18
9.12
9.14
9.11
9.17
9.07
9.11
9.08
9.14
9.13
9.14
9.02
9.08
9.08
9.08
9.06
9.13
9.12
9.11
9.11
9.17
9.06
9.09
9.09
9.07
9.12
9.07
9.08
9.03
9.13
9.11
9.13
9.09
9.06
9.08
9.12
9.09
9.10
9.20
9.11
9.20
9.22
9.20
9.23
9.24
9.21
9.23
9.30
9.22
9.23
9.19
9.24
9.22
9.24
9.18
9.14
9.08
9.05
9.09
9.08
9.09
9.01
8.92
8.94
8.95
8.97
9.04
8.96
8.89
8.92
8.85
8.88
8.88
8.91
8.85
8.83
8.75
8.77
8.66
8.78
8.76
8.73
8.71
8.73
8.81
8.77
8.71
8.70
8.78
8.80
8.86
8.85
8.92
8.88
8.95
8.90
8.86
8.86
8.90
8.91
8.90
8.90
9.00
8.98
8.97
9.02
9.00
9.00
8.92
8.97
8.95
8.94
8.89
8.84
8.89
8.94
8.99
8.89
8.83
8.82
8.92
8.84
8.80
8.80
8.85
8.78
8.81
8.83
8.89
8.89
8.96
8.88
8.85
8.88
8.97
9.01
8.96
9.05
8.96
8.98
9.02
8.87
8.88
8.84
8.75
8.72
8.76
8.78
8.80
8.82
8.76
8.80
8.82
8.76
8.94
8.82
8.66
8.84
8.84
8.90
8.90
8.91
8.91
8.98
8.92
8.85
8.82
8.95
8.83
8.95
8.92
8.92
8.88
8.98
8.91
8.87
8.83
8.91
8.92
8.93
8.92
8.82
8.87
8.82
8.87
8.84
8.87
8.93
9.00
8.98
9.13
9.11
9.15
9.07
9.03
9.05
9.09
9.18
9.17
9.23
9.18
9.19
9.22
9.15
9.25
9.15
9.14
9.06
9.04
9.01
9.03
9.04
9.06
8.98
8.94
8.98
8.99
9.04
9.14
9.21
9.17
9.13
9.14
9.19
9.19
9.18
9.27
9.26
9.26
9.19
9.18
9.18
9.22
9.24
9.28
9.21
9.28
9.27
9.36
9.30
9.33
9.33
9.15
9.31
9.26
9.39
9.33
9.29
9.36
9.37
9.33
9.34
9.27
9.22
9.31
9.26
9.20
9.27
9.29
9.10
9.20
9.10
9.27
9.18
9.23
9.18
9.19
9.19
9.20
9.19
9.17
9.29
9.21
9.29
9.19
9.26
9.28
9.26
9.26
9.21
9.19
9.05
9.11
9.14
9.20
9.24
9.33
9.39
9.31
9.38
9.45
9.38
9.33
9.38
9.29
9.44
9.39
9.37
9.38
9.42
9.30
9.30
9.26
9.18
9.23
9.26
9.33
9.24
9.29
9.26
9.22
9.29
9.35
9.39
9.36
9.44
9.38
9.34
9.38
9.43
9.35
9.30
9.37
9.37
9.34
9.38
9.42
9.42
9.34
9.38
9.43
9.51
9.48
9.43
9.42
9.37
9.39
9.43
9.43
9.47
9.37
9.27
9.30
9.25
9.32
9.32
9.24
9.26
9.29
9.27
9.17
9.27
9.28
9.23
9.24
9.28
9.26
9.29
9.20
9.18
9.27
9.35
9.32
9.31
9.30
9.25
9.30
9.25
9.27
9.29
9.23
9.23
9.24
9.25
9.19
9.18
9.18
9.22
9.24
9.17
9.19
9.05
9.16
9.12
9.12
9.11
9.19
9.13
9.20
9.15
9.19
9.27
9.22
9.25
9.25
9.30
9.31
9.35
9.38
9.40
9.45
9.48
9.47
9.49
9.50
9.43
9.42
9.40
9.39
9.38
9.35
9.36
9.44
9.44
9.44
9.49
9.39
9.35
9.39
9.45
9.53
9.55
9.52
9.51
9.50
9.50
9.51
9.58
9.55
9.56
9.50
9.51
9.45
9.52
9.47
9.51
9.54
9.49
9.50
9.48
9.49
9.45
9.43
9.46
9.47
9.51
9.55
9.55
9.57
9.54
9.57
9.51
9.50
9.41
9.41
9.48
9.52
9.52
9.48
9.43
9.37
9.38
9.39
9.48
9.37
9.44
9.48
9.45
9.52
9.48
9.48
9.52
9.51
9.52
9.55
9.52
9.52
9.54
9.58
9.60
9.58
9.59
9.63
9.63
9.69
9.68
9.66
9.62
9.73
9.64
9.68
9.63
9.63
9.64
9.70
9.62
9.73
9.77
9.73
9.76
9.77
9.81
9.72
9.82
9.78
9.82
9.82
9.79
9.75
9.80
9.84
9.79
9.80
9.80
9.82
9.83
9.76
9.75
9.74
9.81
9.70
9.72
9.69
9.72
9.70
9.75
9.80
9.73
9.75
9.70
9.78
9.72
9.82
9.80
9.75
9.75
9.69
9.72
9.70
9.77
9.74
9.62
9.76
9.78
9.80
9.81
9.80
9.73
9.82
9.92
0.00
0.00
-0.01
-0.00
0.00
0.00
-0.00
-0.00
-0.01
-0.00
-0.00
-0.00
-0.00
-0.01
-0.03
-0.01
-0.01
-0.00
0.00
0.01
0.01
0.01
0.02
0.01
0.02
0.02
0.01
0.02
0.02
0.00
0.01
0.02
0.01
0.02
0.02
0.01
0.03
0.02
0.04
0.03
0.06
0.05
0.05
0.06
0.05
0.04
0.03
0.03
0.04
0.04
0.06
0.04
0.05
0.03
0.04
0.04
0.04
0.05
0.04
0.04
0.05
0.04
0.03
0.06
0.04
0.06
0.05
0.06
0.05
0.06
0.06
0.05
0.07
0.06
0.06
0.07
0.10
0.13
0.13
0.14
0.15
0.10
0.07
0.08
0.07
0.03
0.03
0.06
0.07
0.07
0.06
0.07
0.12
0.09
0.10
0.14
0.14
0.14
0.14
0.16
0.15
0.13
0.11
0.10
0.12
0.13
0.11
0.12
0.09
0.11
0.09
0.08
0.08
0.07
0.07
0.06
0.07
0.07
0.09
0.08
0.10
0.06
0.10
0.06
0.08
0.08
0.04
0.07
0.07
0.08
0.06
0.05
0.07
0.05
0.07
0.09
0.08
0.06
0.09
0.07
0.06
0.07
0.06
0.11
0.09
0.10
0.07
0.10
0.06
0.07
0.06
0.05
0.02
0.03
-0.01
0.01
-0.01
0.01
-0.01
0.01
0.02
0.03
0.01
0.05
0.06
0.01
-0.01
0.02
0.06
0.04
0.07
0.03
0.07
0.06
0.08
0.06
0.05
0.06
0.07
0.01
0.02
0.04
0.07
0.10
0.08
0.05
0.10
0.07
0.09
0.11
0.16
0.14
0.17
0.19
0.20
0.20
0.17
0.17
0.20
0.18
0.19
0.18
0.17
0.24
0.27
0.28
0.21
0.25
0.27
0.20
0.23
0.29
0.28
0.31
0.30
0.30
0.27
0.32
0.28
0.34
0.32
0.38
0.28
0.35
0.36
0.38
0.35
0.41
0.40
0.38
0.34
0.37
0.39
0.40
0.45
0.43
0.42
0.43
0.40
0.46
0.47
0.40
0.47
0.42
0.50
0.54
0.46
0.54
0.53
0.54
0.51
0.52
0.52
0.54
0.63
0.60
0.61
0.53
0.48
0.50
0.48
0.48
0.54
0.57
0.45
0.43
0.45
0.42
0.45
0.40
0.38
0.48
0.46
0.53
0.61
0.62
0.77
0.78
0.81
0.80
0.80
0.83
0.88
0.88
0.75
0.79
0.91
0.97
1.01
1.00
1.01
0.97
1.02
1.16
1.20
1.16
1.25
1.37
1.29
1.31
1.38
1.36
1.37
1.39
1.33
1.41
1.46
1.44
1.46
1.42
1.38
1.41
1.42
1.39
1.44
1.39
1.49
1.56
1.48
1.42
1.42
1.42
1.53
1.47
1.44
1.47
1.40
1.52
1.48
1.52
1.49
1.50
1.59
1.57
1.52
1.54
1.66
1.60
1.60
1.70
1.68
1.73
1.77
1.85
1.62
1.79
1.82
1.77
1.75
1.70
1.64
1.78
1.67
1.66
1.70
1.67
1.72
1.80
1.81
1.88
1.89
1.92
1.95
1.80
1.78
1.89
1.97
1.79
1.76
1.88
1.94
1.85
1.99
2.05
2.13
2.04
2.20
2.31
2.20
2.18
2.25
2.30
2.34
2.33
2.30
2.24
2.41
2.35
2.23
2.35
2.47
2.60
2.58
2.70
2.68
2.75
2.89
2.91
2.99
3.11
3.05
3.02
2.95
2.95
2.93
2.73
2.97
2.94
3.03
3.05
3.03
3.10
3.00
2.99
3.01
3.05
2.98
3.16
3.15
3.09
3.10
3.08
3.15
3.44
3.43
3.45
3.49
3.42
3.43
3.40
3.42
3.44
3.38
3.28
3.41
3.37
3.49
3.61
3.60
3.57
3.59
3.60
3.65
3.56
3.53
3.56
3.51
3.44
3.60
3.72
3.68
3.74
3.74
3.87
3.86
3.86
4.07
4.01
4.11
4.10
4.11
4.25
4.12
4.10
4.30
4.32
4.42
4.35
4.37
4.52
4.48
4.49
4.55
4.50
4.55
4.66
4.69
4.58
4.60
4.60
4.64
4.63
4.66
4.76
4.76
4.69
4.75
4.77
4.72
4.79
4.95
4.80
4.83
4.80
4.82
4.89
4.93
4.91
4.97
4.92
5.13
5.10
5.11
5.04
5.07
5.08
5.09
5.00
5.07
5.05
5.02
5.13
5.18
5.16
5.14
5.21
5.10
5.22
5.15
5.32
5.24
5.31
5.30
5.28
5.32
5.40
5.46
5.48
5.39
5.43
5.40
5.40
5.40
5.47
5.46
5.46
5.60
5.63
5.56
5.57
5.53
5.70
5.65
5.65
5.62
5.73
5.71
5.85
5.78
5.83
5.86
5.82
5.81
5.88
5.90
5.88
5.89
5.81
5.87
5.94
5.83
6.02
6.02
6.01
5.99
5.90
6.03
5.96
6.00
6.16
6.06
6.11
6.10
6.17
6.22
6.13
6.17
6.07
6.06
6.19
6.17
6.18
6.15
6.17
6.18
6.09
6.22
6.13
6.13
6.12
6.13
6.16
6.21
6.18
6.13
6.20
6.18
6.24
6.28
6.29
6.23
6.19
6.20
6.08
6.19
6.18
6.19
6.18
6.12
6.18
6.21
6.24
6.30
6.21
6.20
6.09
6.18
6.12
6.12
6.06
6.08
6.04
6.13
6.05
6.06
6.04
6.10
6.14
6.19
6.17
6.19
6.23
6.13
6.21
6.20
6.20
6.25
6.29
6.33
6.43
6.43
6.41
6.37
6.36
6.31
6.37
6.39
6.28
6.38
6.41
6.33
6.38
6.44
6.49
6.54
6.54
6.61
6.65
6.58
6.64
6.54
6.58
6.66
6.55
6.53
6.55
6.55
6.57
6.47
6.45
6.41
6.34
6.28
6.30
6.31
6.32
6.22
6.25
6.24
6.23
6.12
6.18
6.13
6.11
6.08
6.16
6.16
6.10
6.18
6.17
6.17
6.14
6.19
6.15
6.14
6.21
6.20
6.10
6.11
6.11
6.09
6.08
6.14
6.08
6.10
6.16
6.11
6.15
6.29
6.30
6.28
6.20
6.31
6.38
6.41
6.46
6.44
6.42
6.42
6.42
6.37
6.37
6.38
6.41
6.42
6.48
6.44
6.49
6.41
6.47
6.43
6.40
6.38
6.48
6.44
6.44
6.44
6.42
6.33
6.33
6.36
6.33
6.36
6.25
6.32
6.31
6.25
6.32
6.36
6.44
6.35
6.39
6.49
6.54
6.48
6.49
6.56
6.57
6.66
6.61
6.59
6.58
6.63
6.57
6.57
6.51
6.52
6.51
6.54
6.58
6.53
6.60
6.52
6.57
6.60
6.52
6.49
6.58
6.52
6.48
6.46
6.39
6.43
6.41
6.47
6.46
6.51
6.41
6.52
6.57
6.45
6.55
6.49
6.56
6.43
6.44
6.44
6.33
6.32
6.32
6.38
6.29
6.29
6.36
6.34
6.39
6.47
6.40
6.53
6.44
6.54
6.49
6.59
6.57
6.58
6.64
6.69
6.71
6.60
6.78
6.78
6.83
6.92
6.90
6.84
6.91
6.96
6.93
6.88
7.03
7.06
6.97
6.94
6.91
6.98
6.95
7.00
6.98
6.98
6.96
6.97
7.01
7.02
6.95
6.88
6.93
6.86
6.83
6.76
6.90
6.88
6.89
6.89
6.92
6.96
7.00
7.07
7.04
7.07
7.20
7.15
7.19
7.13
7.14
7.08
7.15
7.19
7.04
7.11
7.25
7.33
7.21
7.18
7.20
7.26
7.28
7.27
7.34
7.49
7.45
7.44
7.43
7.52
7.48
7.46
7.53
7.50
7.45
7.63
7.60
7.62
7.81
7.72
7.75
7.82
7.90
7.89
7.78
7.81
7.72
7.74
7.85
7.85
7.92
8.03
7.92
7.91
8.06
8.09
8.22
8.21
8.26
8.20
8.11
8.22
8.26
8.37
8.43
8.35
8.41
8.35
8.44
8.43
8.40
8.29
8.38
8.54
8.61
8.49
8.52
8.57
8.52
8.61
8.62
8.64
8.56
8.55
8.59
8.68
8.65
8.73
8.73
8.68
8.75
8.61
8.65
8.60
8.79
8.78
8.85
8.75
8.77
8.76
8.77
8.81
8.80
8.78
8.73
8.81
8.79
8.74
8.73
8.79
8.76
8.84
8.84
8.80
8.94
9.03
8.92
9.15
9.10
9.15
9.23
9.25
9.21
9.27
9.24
9.32
9.28
9.29
9.33
9.36
9.29
9.26
9.22
9.26
9.24
9.24
9.35
9.36
9.36
9.52
9.47
9.49
9.50
9.55
9.63
9.52
9.65
9.65
9.61
9.63
9.52
9.63
9.60
9.63
9.70
9.66
9.71
9.62
9.69
9.65
9.75
9.66
9.74
9.73
9.72
9.75
9.81
9.84
9.85
9.84
9.88
9.86
9.93
0.00
0.00
0.00
0.00
0.00
0.00
0.00
0.00
0.01
0.00
0.01
0.00
0.00
0.00
0.01
0.01
0.01
0.01
0.01
0.01
0.01
0.02
0.02
0.02
0.02
0.02
0.02
0.02
0.02
0.03
0.02
0.01
0.02
0.01
0.01
0.02
0.02
0.01
0.03
0.02
0.01
0.01
0.00
0.02
0.03
0.01
0.02
0.02
0.01
0.01
0.00
0.00
-0.00
0.00
0.00
0.01
0.01
-0.00
0.00
-0.01
-0.02
-0.01
-0.01
-0.01
-0.01
-0.02
-0.02
-0.01
-0.01
-0.01
-0.02
-0.01
0.00
-0.01
-0.02
-0.02
-0.03
-0.02
-0.02
-0.01
-0.03
-0.01
-0.02
-0.01
-0.01
-0.01
-0.01
0.00
-0.00
0.04
0.02
0.02
0.02
0.01
0.01
0.02
0.02
0.01
0.02
0.02
-0.01
0.00
0.01
-0.01
0.02
0.01
0.00
0.02
0.01
0.02
0.01
-0.00
-0.00
-0.01
0.00
-0.01
0.00
0.01
0.00
-0.01
0.00
0.02
-0.01
-0.01
0.02
0.01
0.02
-0.00
-0.01
0.01
-0.00
-0.01
-0.02
0.00
-0.01
-0.01
-0.02
0.00
-0.00
-0.01
-0.02
-0.01
-0.02
-0.01
-0.00
-0.02
-0.03
0.02
0.01
0.01
0.02
0.03
0.01
0.05
0.03
0.05
0.04
0.01
0.03
0.04
0.04
0.03
0.01
0.02
0.00
0.04
0.02
0.03
0.00
-0.00
0.04
0.02
0.04
0.09
0.04
0.05
0.04
0.01
-0.00
0.01
0.07
-0.03
0.01
0.02
0.06
0.09
0.03
0.07
0.09
0.09
0.09
0.06
0.03
0.04
0.09
0.09
0.09
0.10
0.14
0.11
0.16
0.18
0.13
0.15
0.16
0.10
0.08
0.06
0.05
0.03
0.02
-0.01
0.00
0.02
0.01
0.03
0.04
-0.03
-0.01
-0.01
0.03
0.02
0.05
0.04
0.10
0.06
0.03
0.03
0.02
0.04
0.04
0.00
0.01
0.06
0.08
0.09
0.06
0.13
0.07
0.07
0.08
0.12
0.11
0.12
0.08
0.14
0.15
0.14
0.17
0.17
0.13
0.16
0.16
0.16
0.20
0.15
0.19
0.21
0.20
0.16
0.21
0.15
0.17
0.17
0.16
0.16
0.18
0.24
0.25
0.27
0.31
0.32
0.29
0.28
0.31
0.25
0.25
0.33
0.27
0.28
0.36
0.36
0.32
0.33
0.39
0.34
0.34
0.35
0.35
0.35
0.39
0.39
0.34
0.32
0.27
0.37
0.29
0.26
0.31
0.36
0.28
0.24
0.23
0.24
0.25
0.28
0.31
0.35
0.37
0.38
0.45
0.42
0.41
0.40
0.44
0.47
0.45
0.46
0.44
0.53
0.47
0.51
0.57
0.58
0.64
0.53
0.56
0.57
0.57
0.56
0.49
0.55
0.55
0.48
0.54
0.50
0.51
0.57
0.51
0.50
0.54
0.55
0.55
0.47
0.44
0.51
0.51
0.52
0.51
0.55
0.53
0.52
0.49
0.56
0.54
0.51
0.55
0.58
0.52
0.57
0.57
0.51
0.57
0.54
0.54
0.55
0.57
0.45
0.49
0.45
0.47
0.37
0.50
0.45
0.42
0.36
0.38
0.39
0.40
0.42
0.40
0.41
0.48
0.44
0.42
0.50
0.44
0.41
0.49
0.51
0.47
0.61
0.59
0.59
0.60
0.54
0.50
0.57
0.54
0.52
0.58
0.53
0.54
0.59
0.61
0.58
0.61
0.62
0.61
0.65
0.64
0.74
0.75
0.70
0.71
0.64
0.71
0.68
0.61
0.58
0.72
0.76
0.80
0.70
0.77
0.83
0.68
0.65
0.61
0.73
0.81
0.72
0.80
0.78
0.91
0.88
0.90
0.93
0.96
1.04
1.06
1.05
1.07
1.17
1.09
1.16
1.20
1.25
1.17
1.17
1.23
1.28
1.23
1.24
1.33
1.41
1.33
1.34
1.41
1.39
1.28
1.47
1.37
1.21
1.29
1.23
1.26
1.26
1.35
1.28
1.33
1.33
1.31
1.24
1.13
1.22
1.20
1.16
1.21
1.20
1.13
1.19
1.22
1.18
1.22
1.27
1.26
1.40
1.37
1.39
1.51
1.36
1.45
1.50
1.57
1.62
1.57
1.62
1.56
1.57
1.65
1.56
1.60
1.54
1.52
1.46
1.33
1.29
1.26
1.16
1.27
1.30
1.43
1.40
1.60
1.56
1.68
1.66
1.73
1.80
1.87
1.83
1.93
1.95
1.95
1.98
1.99
2.11
2.14
2.11
2.09
2.15
2.17
2.23
2.21
2.27
2.26
2.17
2.17
2.15
2.14
2.03
2.06
2.00
2.04
2.11
2.15
2.15
2.20
2.27
2.18
2.27
2.40
2.47
2.44
2.58
2.46
2.53
2.56
2.43
2.51
2.59
2.43
2.40
2.38
2.28
2.29
2.32
2.44
2.44
2.41
2.40
2.42
2.43
2.55
2.53
2.44
2.34
2.48
2.45
2.65
2.68
2.74
2.64
2.43
2.40
2.43
2.51
2.46
2.61
2.68
2.52
2.44
2.49
2.59
2.53
2.50
2.55
2.62
2.59
2.59
2.68
2.62
2.59
2.49
2.53
2.39
2.40
2.52
2.35
2.46
2.47
2.49
2.49
2.51
2.52
2.42
2.56
2.56
2.46
2.59
2.64
2.64
2.60
2.60
2.72
2.78
2.76
2.73
2.66
2.77
2.80
2.81
2.85
2.83
2.83
2.75
2.84
2.91
2.83
2.84
3.02
3.01
2.86
2.98
2.95
2.97
3.22
3.13
3.14
3.08
3.20
3.18
3.32
3.23
3.40
3.36
3.41
3.48
3.45
3.49
3.52
3.44
3.50
3.53
3.71
3.71
3.61
3.86
3.83
3.71
3.67
3.84
3.89
3.94
4.04
4.00
4.14
4.11
4.17
4.04
4.21
3.95
4.22
4.18
4.39
4.38
4.32
4.33
4.25
4.19
4.30
4.22
4.23
4.32
4.46
4.42
4.41
4.48
4.67
4.57
4.75
4.70
4.75
4.69
4.83
4.78
4.87
4.91
4.83
4.91
4.92
5.08
4.93
4.99
5.07
5.11
5.14
5.26
5.23
5.27
5.37
5.43
5.56
5.57
5.70
5.78
5.79
5.82
5.80
5.74
5.70
5.82
5.84
5.90
5.85
5.94
5.92
5.96
6.01
6.01
5.96
5.90
6.00
6.05
6.08
6.07
6.17
6.17
6.09
6.11
6.10
6.11
6.11
6.08
6.18
6.14
6.26
6.24
6.16
6.27
6.27
6.23
6.25
6.32
6.36
6.40
6.37
6.36
6.44
6.43
6.43
6.36
6.34
6.34
6.25
6.34
6.36
6.41
6.33
6.38
6.32
6.24
6.29
6.21
6.28
6.22
6.24
6.28
6.26
6.35
6.35
6.37
6.28
6.37
6.43
6.34
6.37
6.38
6.37
6.38
6.36
6.35
6.39
6.38
6.46
6.46
6.52
6.54
6.50
6.49
6.47
6.58
6.53
6.46
6.42
6.38
6.42
6.35
6.36
6.30
6.41
6.41
6.42
6.46
6.47
6.44
6.50
6.51
6.51
6.46
6.43
6.47
6.41
6.42
6.47
6.44
6.33
6.42
6.40
6.39
6.43
6.41
6.40
6.41
6.41
6.48
6.53
6.52
6.58
6.57
6.57
6.63
6.57
6.50
6.48
6.49
6.51
6.49
6.58
6.54
6.50
6.53
6.54
6.53
6.48
6.57
6.58
6.51
6.46
6.52
6.51
6.54
6.51
6.59
6.62
6.54
6.55
6.55
6.48
6.52
6.53
6.61
6.63
6.60
6.55
6.62
6.66
6.68
6.76
6.74
6.68
6.74
6.71
6.67
6.86
6.81
6.73
6.79
6.80
6.82
6.82
6.91
6.92
6.87
6.93
6.85
6.86
6.86
6.82
6.86
6.91
6.87
6.90
6.88
6.95
6.90
6.89
6.88
6.82
6.86
6.85
6.85
6.82
6.84
6.85
6.91
6.91
6.94
6.94
6.90
6.90
6.91
6.96
6.91
6.97
7.00
7.04
7.00
7.05
7.09
7.08
7.06
7.04
7.07
7.04
7.00
6.99
7.02
6.94
6.93
6.97
6.94
7.00
6.94
6.97
6.97
6.97
7.06
7.03
7.03
7.01
7.06
7.09
7.16
7.11
7.15
7.06
7.14
7.08
7.10
7.09
7.14
7.21
7.20
7.15
7.17
7.25
7.18
7.22
7.23
7.26
7.21
7.17
7.19
7.23
7.23
7.35
7.28
7.32
7.38
7.39
7.42
7.36
7.35
7.34
7.33
7.29
7.30
7.32
7.27
7.32
7.26
7.32
7.28
7.27
7.24
7.27
7.31
7.19
7.21
7.19
7.20
7.20
7.24
7.30
7.27
7.29
7.29
7.33
7.39
7.38
7.39
7.39
7.35
7.46
7.45
7.53
7.50
7.48
7.49
7.44
7.57
7.50
7.50
7.47
7.49
7.49
7.49
7.47
7.44
7.47
7.49
7.45
7.55
7.51
7.48
7.52
7.50
7.46
7.43
7.43
7.43
7.42
7.44
7.42
7.53
7.55
7.57
7.50
7.56
7.56
7.57
7.53
7.52
7.53
7.56
7.62
7.59
7.59
7.66
7.58
7.59
7.55
7.56
7.63
7.55
7.57
7.62
7.57
7.65
7.70
7.67
7.69
7.69
7.84
7.74
7.81
7.84
7.82
7.86
7.86
7.90
7.88
7.90
7.93
7.90
7.78
7.84
7.84
7.88
7.95
7.98
8.02
7.97
8.00
8.10
7.98
8.07
8.16
8.04
8.09
8.12
8.13
8.06
8.13
8.15
8.11
8.17
8.24
8.40
8.30
8.32
8.36
8.46
8.38
8.38
8.41
8.41
8.38
8.29
8.27
8.25
8.28
8.30
8.27
8.44
8.34
8.28
8.28
8.21
8.21
8.29
8.36
8.30
8.36
8.39
8.42
8.48
8.51
8.45
8.51
8.45
8.49
8.53
8.55
8.50
8.46
8.42
8.35
8.31
8.24
8.21
8.21
8.18
8.33
8.24
8.31
8.27
8.31
8.25
8.23
8.30
8.34
8.42
8.36
8.23
8.32
8.37
8.25
8.28
8.25
8.34
8.32
8.26
8.35
8.36
8.39
8.50
8.34
8.46
8.43
8.43
8.46
8.46
8.55
8.56
8.62
8.68
8.60
8.72
8.64
8.63
8.63
8.66
8.66
8.74
8.66
8.72
8.67
8.61
8.75
8.62
8.67
8.72
8.65
8.67
8.70
8.67
8.58
8.68
8.64
8.66
8.74
8.79
8.65
8.66
8.62
8.71
8.56
8.68
8.70
8.66
8.64
8.66
8.61
8.59
8.58
8.77
8.62
8.57
8.57
8.58
8.64
8.52
8.54
8.46
8.45
8.55
8.45
8.48
8.42
8.52
8.51
8.45
8.60
8.55
8.47
8.50
8.53
8.56
8.57
8.57
8.56
8.61
8.63
8.61
8.69
8.72
8.81
8.81
8.77
8.80
8.78
8.79
8.74
8.76
8.87
8.78
8.80
9.00
8.80
8.76
8.83
8.78
8.89
8.80
8.79
8.75
8.72
8.55
8.48
8.69
8.62
8.64
8.50
8.55
8.53
8.63
8.66
8.72
8.72
8.70
8.71
8.78
8.73
8.80
8.81
8.78
8.79
8.80
8.90
8.89
8.89
8.86
8.89
9.04
9.02
9.15
9.15
9.09
9.08
9.21
9.21
9.15
9.15
9.31
9.48
9.32
9.28
9.22
9.35
9.31
9.26
9.24
9.33
9.39
9.28
9.33
9.39
9.23
9.32
9.35
9.30
9.41
9.35
9.39
9.33
9.46
9.37
9.42
9.50
9.45
9.52
9.47
9.56
9.54
9.37
9.33
9.37
9.47
9.40
9.44
9.31
9.55
9.48
9.60
9.61
9.59
9.60
9.74
9.72
9.70
9.57
9.64
9.62
9.80
9.79
9.74
9.81
9.79
9.84
9.70
9.78
9.87
9.85
9.89
9.82
10.03
0.00
0.00
-0.00
-0.00
0.00
-0.00
-0.01
-0.02
-0.02
-0.04
-0.03
-0.04
-0.03
-0.03
-0.02
-0.04
-0.02
-0.02
-0.03
-0.01
-0.02
-0.00
-0.02
-0.03
-0.02
-0.03
-0.03
-0.04
-0.02
-0.02
-0.03
-0.04
-0.03
-0.03
-0.06
-0.03
-0.04
-0.03
-0.03
-0.03
-0.02
-0.04
-0.07
-0.08
-0.07
-0.04
-0.06
-0.05
-0.05
-0.04
-0.04
-0.03
-0.01
0.00
0.01
0.00
-0.02
-0.00
-0.01
-0.01
-0.02
-0.01
-0.00
-0.01
-0.00
-0.01
-0.01
-0.01
-0.01
-0.02
-0.00
0.00
-0.00
0.03
0.03
0.03
0.04
0.02
0.05
0.04
0.03
0.04
0.04
0.05
0.07
0.07
0.06
0.07
0.04
0.03
0.02
0.07
0.09
0.09
0.06
0.06
0.05
0.06
0.02
-0.01
-0.08
-0.10
-0.02
-0.06
-0.01
-0.10
-0.01
-0.04
-0.03
-0.02
-0.08
-0.10
-0.13
-0.04
-0.10
-0.07
-0.05
-0.07
-0.03
0.00
-0.01
-0.02
0.01
0.05
0.06
0.06
0.09
0.06
0.11
0.12
0.20
0.22
0.10
0.07
0.10
0.16
0.12
0.15
0.13
0.09
0.11
0.21
0.16
0.19
0.23
0.18
0.18
0.13
0.19
0.26
0.20
0.15
0.19
0.23
0.33
0.30
0.27
0.34
0.38
0.33
0.34
0.38
0.44
0.42
0.45
0.45
0.47
0.51
0.55
0.39
0.45
0.41
0.43
0.52
0.50
0.43
0.50
0.47
0.49
0.48
0.51
0.57
0.49
0.56
0.46
0.41
0.54
0.55
0.41
0.34
0.38
0.35
0.29
0.32
0.26
0.36
0.25
0.28
0.28
0.26
0.25
0.35
0.36
0.32
0.39
0.32
0.35
0.41
0.40
0.40
0.33
0.36
0.38
0.43
0.49
0.51
0.44
0.44
0.40
0.41
0.41
0.51
0.48
0.46
0.45
0.46
0.45
0.39
0.36
0.33
0.34
0.34
0.31
0.36
0.32
0.30
0.31
0.38
0.35
0.34
0.30
0.36
0.39
0.45
0.50
0.46
0.44
0.49
0.45
0.56
0.54
0.53
0.51
0.53
0.61
0.63
0.64
0.69
0.62
0.64
0.62
0.64
0.72
0.71
0.78
0.80
0.79
0.82
0.81
0.77
0.89
0.86
0.81
0.80
0.84
0.87
0.81
0.91
0.89
0.91
0.89
0.90
0.98
0.91
1.00
0.97
0.89
1.02
1.04
1.00
0.93
0.94
1.01
0.96
1.04
1.15
1.12
1.18
1.19
1.15
1.13
1.19
1.27
1.29
1.22
1.22
1.18
1.17
1.14
1.11
1.24
1.22
1.23
1.18
1.24
1.32
1.32
1.23
1.26
1.29
1.27
1.36
1.29
1.39
1.36
1.27
1.31
1.42
1.36
1.38
1.36
1.43
1.36
1.42
1.49
1.58
1.55
1.49
1.48
1.59
1.51
1.45
1.45
1.44
1.51
1.68
1.63
1.60
1.65
1.69
1.63
1.64
1.53
1.69
1.68
1.65
1.80
1.71
1.60
1.65
1.72
1.76
1.81
1.83
1.80
1.77
1.85
1.87
1.83
1.85
1.95
1.95
1.91
1.84
1.88
1.87
2.01
2.03
2.03
2.03
2.06
2.04
2.08
2.06
1.97
2.09
2.05
2.01
2.16
2.03
2.01
2.01
1.94
1.92
1.90
1.93
1.93
1.85
1.95
1.96
1.93
1.91
1.92
2.03
2.12
2.19
2.23
2.12
2.17
2.27
2.20
2.23
2.23
2.23
2.32
2.18
2.20
2.19
2.23
2.25
2.22
2.15
2.12
2.16
2.08
2.09
2.10
2.14
2.10
2.05
2.03
2.15
1.97
2.16
2.10
2.11
2.16
2.12
2.10
2.14
2.17
2.18
2.24
2.31
2.34
2.28
2.28
2.18
2.26
2.19
2.22
2.21
2.24
2.28
2.17
2.34
2.27
2.30
2.35
2.27
2.36
2.33
2.53
2.45
2.62
2.46
2.50
2.56
2.64
2.56
2.59
2.52
2.68
2.57
2.71
2.65
2.63
2.56
2.58
2.66
2.79
2.76
2.78
2.85
2.75
2.78
2.77
2.69
2.76
2.69
2.75
2.78
2.68
2.77
2.72
2.78
2.79
2.77
2.90
2.85
2.77
2.90
2.91
3.05
2.91
2.91
2.84
2.84
2.89
2.86
2.80
2.83
2.88
2.91
2.90
2.91
2.90
2.96
2.93
2.89
2.83
2.83
2.81
2.80
2.80
2.78
2.86
2.84
2.88
2.92
2.90
2.86
2.91
2.93
2.93
2.91
2.91
2.87
2.86
2.85
2.84
2.97
2.89
3.00
2.94
2.98
3.03
3.06
3.16
3.13
3.04
3.14
3.19
3.12
3.16
3.16
3.13
3.06
3.12
3.07
3.17
3.20
3.18
3.15
3.27
3.24
3.29
3.28
3.30
3.21
3.25
3.27
3.27
3.27
3.42
3.42
3.44
3.46
3.50
3.58
3.60
3.63
3.62
3.65
3.76
3.75
3.73
3.72
3.72
3.75
3.82
3.69
3.72
3.73
3.69
3.62
3.74
3.69
3.69
3.75
3.79
3.78
3.78
3.78
3.78
3.77
3.74
3.79
3.79
3.77
3.80
3.77
3.77
3.92
3.87
3.88
3.82
3.87
3.85
3.83
3.87
3.88
3.83
3.84
3.78
3.78
3.69
3.72
3.70
3.69
3.80
3.72
3.72
3.85
3.91
3.82
3.73
3.80
3.83
3.82
3.79
3.82
3.80
3.84
3.80
3.76
3.81
3.82
3.84
3.80
3.87
3.78
3.87
3.99
3.94
4.09
4.05
3.99
4.04
4.03
3.93
4.05
3.99
4.04
4.02
4.12
4.11
4.11
4.04
4.11
4.12
4.11
4.09
4.13
4.14
4.11
4.12
4.19
4.21
4.21
4.15
4.22
4.28
4.22
4.23
4.19
4.13
4.07
4.22
4.21
4.24
4.25
4.27
4.25
4.25
4.21
4.25
4.30
4.35
4.28
4.28
4.35
4.33
4.36
4.33
4.35
4.36
4.36
4.38
4.42
4.47
4.43
4.46
4.45
4.55
4.55
4.54
4.44
4.44
4.45
4.49
4.39
4.40
4.36
4.39
4.35
4.34
4.38
4.43
4.42
4.45
4.43
4.45
4.46
4.43
4.44
4.43
4.39
4.40
4.38
4.43
4.41
4.40
4.39
4.40
4.37
4.42
4.50
4.48
4.51
4.54
4.49
4.48
4.49
4.50
4.53
4.58
4.57
4.53
4.56
4.57
4.57
4.64
4.50
4.66
4.64
4.56
4.64
4.60
4.60
4.63
4.61
4.67
4.74
4.76
4.72
4.72
4.73
4.75
4.80
4.76
4.74
4.80
4.74
4.77
4.76
4.80
4.73
4.76
4.76
4.80
4.70
4.79
4.79
4.74
4.71
4.74
4.65
4.72
4.70
4.68
4.62
4.62
4.60
4.51
4.67
4.56
4.62
4.65
4.68
4.60
4.72
4.71
4.65
4.63
4.65
4.65
4.70
4.65
4.71
4.72
4.66
4.62
4.68
4.70
4.64
4.78
4.68
4.79
4.73
4.77
4.81
4.80
4.85
4.89
4.83
4.86
4.78
4.91
4.89
4.81
4.87
4.77
4.77
4.79
4.79
4.82
4.92
4.96
4.90
4.93
5.04
4.94
4.98
5.00
5.06
5.00
5.02
5.02
5.08
5.11
5.06
5.12
5.21
5.11
5.10
5.11
5.04
5.14
5.06
5.14
5.10
5.26
5.23
5.20
5.20
5.27
5.33
5.34
5.42
5.52
5.48
5.50
5.60
5.65
5.66
5.62
5.57
5.66
5.71
5.59
5.76
5.72
5.78
5.81
5.86
5.92
5.81
5.85
5.86
5.85
5.84
5.90
5.88
6.00
5.98
5.86
5.83
5.91
5.97
5.86
5.80
5.82
5.81
5.78
5.82
5.77
5.77
5.90
5.83
5.89
5.83
5.86
5.83
5.94
5.94
6.02
5.98
5.95
5.92
5.95
5.88
5.95
5.92
5.98
5.97
5.98
5.94
5.97
5.98
6.03
5.97
6.01
5.96
6.06
6.03
6.01
5.97
5.88
5.96
5.86
5.89
5.90
5.81
5.93
5.94
5.86
5.85
5.96
6.03
6.00
6.05
6.07
6.02
5.93
5.93
5.93
5.94
5.83
5.90
6.05
5.99
5.94
5.87
5.87
5.98
6.01
6.05
5.95
6.07
5.97
6.19
6.25
6.18
6.24
6.25
6.29
6.33
6.57
6.56
6.49
6.61
6.57
6.56
6.69
6.62
6.53
6.75
6.80
6.64
6.78
6.78
6.88
6.59
6.71
6.78
6.77
6.71
6.66
6.94
6.70
6.69
6.82
7.03
6.82
6.67
6.66
6.66
6.70
6.66
6.52
6.78
6.84
6.96
6.90
6.74
6.80
6.91
6.81
6.67
6.67
6.81
6.87
6.83
6.85
6.88
6.92
6.81
6.81
6.81
6.73
6.77
6.84
6.84
6.88
6.77
6.73
6.91
6.81
6.87
6.90
7.05
6.89
7.10
7.04
7.01
7.03
7.15
7.25
7.30
7.26
7.32
7.31
7.46
7.51
7.47
7.60
7.71
7.79
7.66
7.75
7.73
7.63
7.66
7.82
8.13
8.13
8.04
8.05
8.16
8.17
8.18
8.03
8.06
7.95
7.93
7.92
7.79
7.78
7.71
7.64
7.64
7.70
7.82
7.66
7.68
7.84
7.89
7.87
7.79
8.00
7.93
7.87
7.99
7.84
7.84
7.78
7.91
7.89
7.94
7.87
7.84
7.88
8.09
8.21
8.03
8.12
8.26
8.28
8.48
8.38
8.49
8.42
8.46
8.63
8.60
8.73
8.80
8.81
8.50
8.72
8.61
8.71
8.66
8.89
8.72
8.69
8.67
8.70
8.45
8.44
8.60
8.64
8.86
8.98
8.83
8.89
8.81
8.82
8.89
8.76
8.67
8.65
8.49
8.66
8.48
8.71
8.67
8.82
8.97
8.84
8.92
8.95
8.80
8.91
8.86
8.73
8.72
8.56
8.54
8.74
8.75
8.80
8.80
8.72
8.60
8.90
9.07
8.85
8.84
8.83
9.07
9.08
8.98
9.19
9.14
9.12
9.10
9.03
8.99
9.07
9.06
9.07
9.27
9.09
8.84
8.94
8.95
8.90
8.78
9.04
8.90
9.10
9.18
9.05
9.06
9.16
9.10
9.09
9.07
9.18
8.76
9.13
9.14
9.05
9.10
9.09
9.20
9.01
9.16
9.07
8.95
9.18
8.95
9.23
9.26
9.21
9.33
9.16
9.23
9.16
8.99
9.18
8.93
8.89
9.04
8.94
9.11
8.91
8.92
8.83
9.03
8.98
9.28
9.15
9.05
8.76
8.90
8.85
8.72
9.20
9.16
9.17
9.02
9.19
9.23
9.40
9.48
9.55
9.47
9.57
9.47
9.59
9.60
9.49
9.57
9.36
9.35
9.44
9.39
9.52
9.57
9.66
9.69
9.70
9.67
9.63
9.59
9.51
9.51
9.57
9.42
9.54
9.44
9.23
9.30
9.16
9.37
9.48
9.54
9.56
9.49
9.49
9.56
9.58
9.28
9.48
9.53
9.55
9.65
9.75
9.74
9.46
9.66
9.66
9.76
9.62
9.80
9.82
9.87
9.78
9.82
9.92
